[{"Rot_1": {"data": [2.2286940293270163e-08, -1.0, 0.0, -0.28734785318374634, -2.2286940293270163e-08, -0.9578262567520142, 0.9578262567520142, 0.0, -0.2873478829860687], "rows": 3, "cols": 3, "dt": "d"}}, {"T_1": {"data": [4.48287309495754e-08, 0.7662610411643982, 2.329878091812134], "rows": 3, "cols": 1, "dt": "d"}}, {"Location_1": {"data": [-1.8782970905303955, 1.7881393432617188e-07, 1.7391483783721924], "rows": 3, "cols": 1, "dt": "d"}}, {"Rot_2": {"data": [-1.6167135186151427e-07, -1.0000001192092896, 3.58522527221794e-08, -0.44721361994743347, 1.173555261857473e-07, -0.8944273591041565, 0.8944273591041565, -3.58522527221794e-08, -0.44721347093582153], "rows": 3, "cols": 3, "dt": "d"}}, {"T_2": {"data": [-1.8720525929438736e-07, 0.7155418395996094, 2.457770824432373], "rows": 3, "cols": 1, "dt": "d"}}, {"Location_2": {"data": [-0.7664994597434998, -1.714782476425171, 1.7391483783721924], "rows": 3, "cols": 1, "dt": "d"}}, {"Rot_3": {"data": [0.9129452109336853, -0.40808215737342834, -9.30693211387279e-09, -0.18249987065792084, -0.40828144550323486, -0.8944272398948669, 0.36499977111816406, 0.816563069820404, -0.4472135007381439], "rows": 3, "cols": 3, "dt": "d"}}, {"T_3": {"data": [-1.030231544518756e-07, 0.7155417203903198, 2.457770824432373], "rows": 3, "cols": 1, "dt": "d"}}, {"Location_3": {"data": [1.252707839012146, -1.3995437622070312, 1.7391486167907715], "rows": 3, "cols": 1, "dt": "d"}}, {"Rot_4": {"data": [0.745112955570221, 0.6669383645057678, -6.905361971121238e-08, 0.2982637584209442, -0.33322444558143616, -0.894427478313446, -0.5965278744697571, 0.6664495468139648, -0.4472133219242096], "rows": 3, "cols": 3, "dt": "d"}}, {"T_4": {"data": [7.161409598666069e-07, 0.7155427932739258, 2.457770824432373], "rows": 3, "cols": 1, "dt": "d"}}, {"Location_4": {"data": [1.788914442062378, 0.5725253224372864, 1.739148736000061], "rows": 3, "cols": 1, "dt": "d"}}, {"Rot_5": {"data": [-0.3048107326030731, 0.952413022518158, -1.97028100501484e-07, 0.4259321689605713, 0.13631537556648254, -0.8944271802902222, -0.8518640398979187, -0.2726310193538666, -0.44721364974975586], "rows": 3, "cols": 3, "dt": "d"}}, {"T_5": {"data": [1.0424258789498708e-07, 0.715541660785675, 2.457771062850952], "rows": 3, "cols": 1, "dt": "d"}}, {"Location_5": {"data": [0.20734000205993652, 1.8668181896209717, 1.739148736000061], "rows": 3, "cols": 1, "dt": "d"}}, {"Rot_6": {"data": [-0.9938887357711792, 0.11038711667060852, 9.330919681360683e-08, 0.04936652630567551, 0.4444805085659027, -0.8944272994995117, -0.09873329102993011, -0.888961136341095, -0.4472135007381439], "rows": 3, "cols": 3, "dt": "d"}}, {"T_6": {"data": [6.123885043507471e-08, 0.7155421376228333, 2.457771062850952], "rows": 3, "cols": 1, "dt": "d"}}, {"Location_6": {"data": [-1.6196908950805664, 0.9511054158210754, 1.739148736000061], "rows": 3, "cols": 1, "dt": "d"}}, {"Rot_7": {"data": [-0.5063655972480774, -0.8623188138008118, 2.0222477914444426e-08, -0.38564062118530273, 0.2264535129070282, -0.8944272398948669, 0.7712814807891846, -0.4529072344303131, -0.4472135007381439], "rows": 3, "cols": 3, "dt": "d"}}, {"T_7": {"data": [3.224579643301695e-07, 0.7155422568321228, 2.457770824432373], "rows": 3, "cols": 1, "dt": "d"}}, {"Location_7": {"data": [-1.5292737483978271, -1.0905600786209106, 1.739148497581482], "rows": 3, "cols": 1, "dt": "d"}}, {"Rot_8": {"data": [0.5806109309196472, -0.8141811490058899, 1.2250559677795536e-07, -0.3641126751899719, -0.2596571147441864, -0.8944272994995117, 0.728225827217102, 0.5193142294883728, -0.44721341133117676], "rows": 3, "cols": 3, "dt": "d"}}, {"T_8": {"data": [-6.302879569375364e-07, 0.715542197227478, 2.457770586013794], "rows": 3, "cols": 1, "dt": "d"}}, {"Location_8": {"data": [0.37155282497406006, -1.8411815166473389, 1.7391482591629028], "rows": 3, "cols": 1, "dt": "d"}}, {"Rot_9": {"data": [0.9802396297454834, 0.19781365990638733, -5.5149158129097486e-08, 0.08846485614776611, -0.43837615847587585, -0.894427478313446, -0.17692996561527252, 0.8767532706260681, -0.44721323251724243], "rows": 3, "cols": 3, "dt": "d"}}, {"T_9": {"data": [1.2571487673085358e-07, 0.7155425548553467, 2.457770824432373], "rows": 3, "cols": 1, "dt": "d"}}, {"Location_9": {"data": [1.8325215578079224, -0.41214561462402344, 1.7391486167907715], "rows": 3, "cols": 1, "dt": "d"}}, {"Rot_10": {"data": [0.21942491829395294, 0.9756295680999756, -8.167234000211465e-08, 0.4363147020339966, -0.0981297418475151, -0.8944274187088013, -0.8726296424865723, 0.1962597668170929, -0.44721338152885437], "rows": 3, "cols": 3, "dt": "d"}}, {"T_10": {"data": [7.08284460415598e-07, 0.7155424356460571, 2.457770824432373], "rows": 3, "cols": 1, "dt": "d"}}, {"Location_10": {"data": [1.1240856647491455, 1.5048025846481323, 1.7391486167907715], "rows": 3, "cols": 1, "dt": "d"}}, {"Rot_11": {"data": [-0.8011527061462402, 0.5984601378440857, -5.713801698448151e-08, 0.2676396071910858, 0.35828641057014465, -0.8944272398948669, -0.5352789759635925, -0.7165727019309998, -0.44721361994743347], "rows": 3, "cols": 3, "dt": "d"}}, {"T_11": {"data": [-1.983778474823339e-08, 0.7155417203903198, 2.457770824432373], "rows": 3, "cols": 1, "dt": "d"}}, {"Location_11": {"data": [-0.9150828123092651, 1.6403114795684814, 1.7391488552093506], "rows": 3, "cols": 1, "dt": "d"}}, {"Rot_12": {"data": [-0.8732977509498596, -0.4871877431869507, 1.3041283608572485e-08, -0.2178770899772644, 0.3905509114265442, -0.8944272994995117, 0.4357539117336273, -0.7811009883880615, -0.44721364974975586], "rows": 3, "cols": 3, "dt": "d"}}, {"T_12": {"data": [-1.4189002683906438e-07, 0.7155415415763855, 2.457770824432373], "rows": 3, "cols": 1, "dt": "d"}}, {"Location_12": {"data": [-1.870943546295166, -0.16603881120681763, 1.7391486167907715], "rows": 3, "cols": 1, "dt": "d"}}, {"Rot_13": {"data": [0.08839855343103409, -0.9960851669311523, 1.0387523730059911e-07, -0.44546282291412354, -0.03953312709927559, -0.8944271802902222, 0.8909256458282471, 0.07906602323055267, -0.4472135901451111], "rows": 3, "cols": 3, "dt": "d"}}, {"T_13": {"data": [-2.700614345485519e-07, 0.7155419588088989, 2.457770347595215], "rows": 3, "cols": 1, "dt": "d"}}, {"Location_13": {"data": [-0.6119141578674316, -1.7758265733718872, 1.7391482591629028], "rows": 3, "cols": 1, "dt": "d"}}, {"Rot_14": {"data": [0.9454451203346252, -0.3257814943790436, 2.931507481207518e-09, -0.14569388329982758, -0.4228156507015228, -0.894427478313446, 0.2913878560066223, 0.8456320762634277, -0.447213351726532], "rows": 3, "cols": 3, "dt": "d"}}, {"T_14": {"data": [-1.839122631963619e-07, 0.7155425548553467, 2.457770586013794], "rows": 3, "cols": 1, "dt": "d"}}, {"Location_14": {"data": [1.3715214729309082, -1.2833268642425537, 1.7391483783721924], "rows": 3, "cols": 1, "dt": "d"}}, {"Rot_15": {"data": [0.6832396388053894, 0.7301942110061646, -9.918080223769721e-08, 0.3265526294708252, -0.30555403232574463, -0.8944272994995117, -0.653105616569519, 0.611108124256134, -0.44721344113349915], "rows": 3, "cols": 3, "dt": "d"}}, {"T_15": {"data": [1.7249013239961641e-07, 0.7155420780181885, 2.457770347595215], "rows": 3, "cols": 1, "dt": "d"}}, {"Location_15": {"data": [1.7313003540039062, 0.7284213304519653, 1.739148736000061], "rows": 3, "cols": 1, "dt": "d"}}, {"Rot_16": {"data": [-0.38780954480171204, 0.9217395186424255, -7.021702685960918e-08, 0.412214457988739, 0.17343363165855408, -0.8944271802902222, -0.8244288563728333, -0.3468674421310425, -0.4472135901451111], "rows": 3, "cols": 3, "dt": "d"}}, {"T_16": {"data": [1.817224983824417e-07, 0.7155420780181885, 2.457770586013794], "rows": 3, "cols": 1, "dt": "d"}}, {"Location_16": {"data": [0.04150401055812836, 1.877838134765625, 1.739148736000061], "rows": 3, "cols": 1, "dt": "d"}}, {"Rot_17": {"data": [-0.9997562170028687, 0.0220966599881649, -3.464158027099984e-08, 0.009881960228085518, 0.4471047818660736, -0.8944272994995117, -0.01976383663713932, -0.8942089080810547, -0.4472135901451111], "rows": 3, "cols": 3, "dt": "d"}}, {"T_17": {"data": [6.42216946289409e-10, 0.7155415415763855, 2.457770824432373], "rows": 3, "cols": 1, "dt": "d"}}, {"Location_17": {"data": [-1.6974265575408936, 0.8042031526565552, 1.7391483783721924], "rows": 3, "cols": 1, "dt": "d"}}, {"Rot_18": {"data": [-0.42815545201301575, -0.9037050604820251, 8.384548522144541e-08, -0.40414926409721375, 0.19147689640522003, -0.8944271802902222, 0.8082983493804932, -0.3829539120197296, -0.44721364974975586], "rows": 3, "cols": 3, "dt": "d"}}, {"T_18": {"data": [-8.621509550721385e-08, 0.7155416011810303, 2.457770586013794], "rows": 3, "cols": 1, "dt": "d"}}, {"Location_18": {"data": [-1.4268827438354492, -1.2214765548706055, 1.7391483783721924], "rows": 3, "cols": 1, "dt": "d"}}, {"Rot_19": {"data": [0.650310754776001, -0.7596683502197266, 5.932403013275689e-09, -0.3397340178489685, -0.29082781076431274, -0.8944271802902222, 0.6794679760932922, 0.5816556215286255, -0.44721361994743347], "rows": 3, "cols": 3, "dt": "d"}}, {"T_19": {"data": [1.0889196033758708e-07, 0.715541660785675, 2.457770586013794], "rows": 3, "cols": 1, "dt": "d"}}, {"Location_19": {"data": [-1.949800968170166, 1.7881393432617188e-07, 1.5799205303192139], "rows": 3, "cols": 1, "dt": "d"}}, {"Rot_20": {"data": [-2.8757852987837396e-07, -1.0000001192092896, 2.2543368061178626e-08, -0.3713906407356262, 1.9306357046389166e-07, -0.928476870059967, 0.928476870059967, -1.1705833458108827e-07, -0.3713904619216919], "rows": 3, "cols": 3, "dt": "d"}}, {"T_20": {"data": [-4.1752363699743e-07, 0.7427818179130554, 2.3971126079559326], "rows": 3, "cols": 1, "dt": "d"}}, {"Location_20": {"data": [-0.7956789135932922, -1.7800618410110474, 1.5799205303192139], "rows": 3, "cols": 1, "dt": "d"}}, {"Rot_21": {"data": [0.9129452109336853, -0.40808212757110596, -1.9540156159791877e-08, -0.15155792236328125, -0.33905941247940063, -0.9284766316413879, 0.37889471650123596, 0.8476483225822449, -0.3713907301425934], "rows": 3, "cols": 3, "dt": "d"}}, {"T_21": {"data": [-8.833739428837362e-08, 0.7427811026573181, 2.3971128463745117], "rows": 3, "cols": 1, "dt": "d"}}, {"Location_21": {"data": [1.3003966808319092, -1.4528224468231201, 1.5799205303192139], "rows": 3, "cols": 1, "dt": "d"}}, {"Rot_22": {"data": [0.7451130151748657, 0.6669383645057678, 6.780734906897123e-08, 0.24769476056098938, -0.2767278552055359, -0.928476870059967, -0.6192366480827332, 0.6918202638626099, -0.37139058113098145], "rows": 3, "cols": 3, "dt": "d"}}, {"T_22": {"data": [4.293115694053995e-07, 0.7427817583084106, 2.3971128463745117], "rows": 3, "cols": 1, "dt": "d"}}, {"Location_22": {"data": [1.85701584815979, 0.5943201780319214, 1.5799205303192139], "rows": 3, "cols": 1, "dt": "d"}}, {"Rot_23": {"data": [-0.30481064319610596, 0.952413022518158, -1.0606478184627122e-07, 0.35371726751327515, 0.11320372670888901, -0.9284767508506775, -0.8842933177947998, -0.2830095887184143, -0.37139058113098145], "rows": 3, "cols": 3, "dt": "d"}}, {"T_23": {"data": [1.079692850680658e-07, 0.7427815794944763, 2.3971126079559326], "rows": 3, "cols": 1, "dt": "d"}}, {"Location_23": {"data": [0.21523311734199524, 1.937885046005249, 1.5799204111099243], "rows": 3, "cols": 1, "dt": "d"}}, {"Rot_24": {"data": [-0.9938886761665344, 0.11038711667060852, 1.0647241310834943e-07, 0.040996648371219635, 0.3691210150718689, -0.9284766912460327, -0.10249190032482147, -0.9228024482727051, -0.371390700340271], "rows": 3, "cols": 3, "dt": "d"}}, {"T_24": {"data": [5.529948055027489e-08, 0.742781400680542, 2.3971123695373535], "rows": 3, "cols": 1, "dt": "d"}}, {"Location_24": {"data": [-1.6813502311706543, 0.9873123168945312, 1.5799205303192139], "rows": 3, "cols": 1, "dt": "d"}}, {"Rot_25": {"data": [-0.5063656568527222, -0.8623188734054565, -1.055882066225422e-07, -0.3202570974826813, 0.18805953860282898, -0.9284767508506775, 0.8006430268287659, -0.47014865279197693, -0.37139061093330383], "rows": 3, "cols": 3, "dt": "d"}}, {"T_25": {"data": [1.6682098191722616e-07, 0.7427815198898315, 2.3971126079559326], "rows": 3, "cols": 1, "dt": "d"}}, {"Location_25": {"data": [-1.5874910354614258, -1.132076382637024, 1.5799204111099243], "rows": 3, "cols": 1, "dt": "d"}}, {"Rot_26": {"data": [0.5806111693382263, -0.8141809701919556, 1.48800138877192e-10, -0.3023790717124939, -0.21563348174095154, -0.9284767508506775, 0.7559481263160706, 0.5390840172767639, -0.37139052152633667], "rows": 3, "cols": 3, "dt": "d"}}, {"T_26": {"data": [-2.35092389999636e-10, 0.7427817583084106, 2.3971126079559326], "rows": 3, "cols": 1, "dt": "d"}}, {"Location_26": {"data": [0.3856971561908722, -1.911272406578064, 1.5799200534820557], "rows": 3, "cols": 1, "dt": "d"}}, {"Rot_27": {"data": [0.9802396297454834, 0.19781360030174255, -6.459344170650638e-09, 0.07346609234809875, -0.3640517294406891, -0.9284767508506775, -0.18366533517837524, 0.910129725933075, -0.37139052152633667], "rows": 3, "cols": 3, "dt": "d"}}, {"T_27": {"data": [6.9809892977446e-08, 0.7427813410758972, 2.3971123695373535], "rows": 3, "cols": 1, "dt": "d"}}, {"Location_27": {"data": [1.9022833108901978, -0.4278356730937958, 1.5799205303192139], "rows": 3, "cols": 1, "dt": "d"}}, {"Rot_28": {"data": [0.21942538022994995, 0.9756292700767517, -1.9064185607930995e-07, 0.36233970522880554, -0.08149274438619614, -0.9284766316413879, -0.905849039554596, 0.20373126864433289, -0.37139081954956055], "rows": 3, "cols": 3, "dt": "d"}}, {"T_28": {"data": [6.278040132201568e-08, 0.7427810430526733, 2.3971128463745117], "rows": 3, "cols": 1, "dt": "d"}}, {"Location_28": {"data": [1.1668782234191895, 1.5620884895324707, 1.5799205303192139], "rows": 3, "cols": 1, "dt": "d"}}, {"Rot_29": {"data": [-0.8011525869369507, 0.5984601378440857, -8.692312292168936e-08, 0.22226259112358093, 0.297540545463562, -0.9284766912460327, -0.5556562542915344, -0.7438514828681946, -0.3713906705379486], "rows": 3, "cols": 3, "dt": "d"}}, {"T_29": {"data": [-4.148230914324813e-08, 0.742781400680542, 2.3971128463745117], "rows": 3, "cols": 1, "dt": "d"}}, {"Location_29": {"data": [-0.9499189257621765, 1.7027559280395508, 1.579921007156372], "rows": 3, "cols": 1, "dt": "d"}}, {"Rot_30": {"data": [-0.8732972741127014, -0.4871877133846283, -2.5247821611174004e-08, -0.18093697726726532, 0.3243345320224762, -0.9284766316413879, 0.4523424208164215, -0.810836136341095, -0.3713907301425934], "rows": 3, "cols": 3, "dt": "d"}}, {"T_30": {"data": [2.1870349087294016e-07, 0.7427817583084106, 2.3971126079559326], "rows": 3, "cols": 1, "dt": "d"}}, {"Location_30": {"data": [-1.94216787815094, -0.17235973477363586, 1.5799202919006348], "rows": 3, "cols": 1, "dt": "d"}}, {"Rot_31": {"data": [0.08839865773916245, -0.9960851669311523, 2.2677131283899143e-08, -0.3699367642402649, -0.032830461859703064, -0.9284766912460327, 0.9248418807983398, 0.08207608014345169, -0.371390700340271], "rows": 3, "cols": 3, "dt": "d"}}, {"T_31": {"data": [2.3776586033363856e-08, 0.7427812814712524, 2.3971126079559326], "rows": 3, "cols": 1, "dt": "d"}}, {"Location_31": {"data": [-0.635208785533905, -1.8434301614761353, 1.5799201726913452], "rows": 3, "cols": 1, "dt": "d"}}, {"Rot_32": {"data": [0.94544517993927, -0.32578131556510925, 3.414682936409008e-08, -0.12099205702543259, -0.35112935304641724, -0.9284767508506775, 0.30248039960861206, 0.8778238296508789, -0.37139052152633667], "rows": 3, "cols": 3, "dt": "d"}}, {"T_32": {"data": [-1.1355390938661003e-07, 0.7427815198898315, 2.3971126079559326], "rows": 3, "cols": 1, "dt": "d"}}, {"Location_32": {"data": [1.4237332344055176, -1.3321812152862549, 1.5799204111099243], "rows": 3, "cols": 1, "dt": "d"}}, {"Rot_33": {"data": [0.6832396388053894, 0.7301942110061646, -1.596097831679799e-08, 0.2711872160434723, -0.2537487745285034, -0.9284766912460327, -0.6779683232307434, 0.6343721151351929, -0.37139058113098145], "rows": 3, "cols": 3, "dt": "d"}}, {"T_33": {"data": [8.482172120238829e-08, 0.7427816987037659, 2.3971121311187744], "rows": 3, "cols": 1, "dt": "d"}}, {"Location_33": {"data": [1.7972086668014526, 0.7561511993408203, 1.5799205303192139], "rows": 3, "cols": 1, "dt": "d"}}, {"Rot_34": {"data": [-0.3878093659877777, 0.9217396378517151, -1.3996046988040689e-08, 0.3423255383968353, 0.14402879774570465, -0.9284766912460327, -0.85581374168396, -0.36007195711135864, -0.371390700340271], "rows": 3, "cols": 3, "dt": "d"}}, {"T_34": {"data": [-1.5670129016598366e-07, 0.742781400680542, 2.3971126079559326], "rows": 3, "cols": 1, "dt": "d"}}, {"Location_34": {"data": [0.04308401048183441, 1.9493250846862793, 1.5799206495285034], "rows": 3, "cols": 1, "dt": "d"}}, {"Rot_35": {"data": [-0.9997557997703552, 0.022096652537584305, -3.262814729509955e-08, 0.008206523023545742, 0.3713000416755676, -0.9284766316413879, -0.02051621489226818, -0.9282499551773071, -0.3713907301425934], "rows": 3, "cols": 3, "dt": "d"}}, {"T_35": {"data": [-1.5505342787491827e-08, 0.7427813410758972, 2.3971126079559326], "rows": 3, "cols": 1, "dt": "d"}}, {"Location_35": {"data": [-1.7620453834533691, 0.8348177671432495, 1.5799205303192139], "rows": 3, "cols": 1, "dt": "d"}}, {"Rot_36": {"data": [-0.42815542221069336, -0.9037051200866699, -2.7001192393072415e-08, -0.33562755584716797, 0.15901291370391846, -0.9284767508506775, 0.8390691876411438, -0.39753231406211853, -0.37139055132865906], "rows": 3, "cols": 3, "dt": "d"}}, {"T_36": {"data": [-1.361541990263504e-07, 0.7427816390991211, 2.3971126079559326], "rows": 3, "cols": 1, "dt": "d"}}, {"Location_36": {"data": [-1.4812021255493164, -1.2679764032363892, 1.5799205303192139], "rows": 3, "cols": 1, "dt": "d"}}, {"Rot_37": {"data": [0.6503108143806458, -0.7596682906150818, -1.3309914947967627e-08, -0.28213372826576233, -0.24151937663555145, -0.9284766912460327, 0.7053342461585999, 0.6037983894348145, -0.371390700340271], "rows": 3, "cols": 3, "dt": "d"}}, {"T_37": {"data": [3.190518214069016e-07, 0.7427815198898315, 2.3971123695373535], "rows": 3, "cols": 1, "dt": "d"}}, {"Location_37": {"data": [-2.011435031890869, 0.0, 1.403430461883545], "rows": 3, "cols": 1, "dt": "d"}}, {"Rot_38": {"data": [2.2286940293270163e-08, -1.0, 0.0, -0.28734785318374634, -2.2286940293270163e-08, -0.9578262567520142, 0.9578262567520142, 0.0, -0.2873478829860687], "rows": 3, "cols": 3, "dt": "d"}}, {"T_38": {"data": [4.48287309495754e-08, 0.7662610411643982, 2.329878091812134], "rows": 3, "cols": 1, "dt": "d"}}, {"Location_38": {"data": [-0.8208306431770325, -1.8363301753997803, 1.403430700302124], "rows": 3, "cols": 1, "dt": "d"}}, {"Rot_39": {"data": [0.9129452109336853, -0.40808212757110596, -3.506951173903872e-08, -0.11726155877113342, -0.26233285665512085, -0.9578263163566589, 0.3908717632293701, 0.8744429349899292, -0.28734785318374634], "rows": 3, "cols": 3, "dt": "d"}}, {"T_39": {"data": [-6.999165691468079e-08, 0.7662611603736877, 2.329878330230713], "rows": 3, "cols": 1, "dt": "d"}}, {"Location_39": {"data": [1.3415027856826782, -1.498746633529663, 1.4034305810928345], "rows": 3, "cols": 1, "dt": "d"}}, {"Rot_40": {"data": [0.745112955570221, 0.666938304901123, 7.030104143268545e-08, 0.19164331257343292, -0.21410639584064484, -0.9578264951705933, -0.6388110518455505, 0.7136889696121216, -0.287347674369812], "rows": 3, "cols": 3, "dt": "d"}}, {"T_40": {"data": [3.7817451925548085e-07, 0.7662618160247803, 2.329878330230713], "rows": 3, "cols": 1, "dt": "d"}}, {"Location_40": {"data": [1.9157168865203857, 0.6131073236465454, 1.403430700302124], "rows": 3, "cols": 1, "dt": "d"}}, {"Rot_41": {"data": [-0.30481091141700745, 0.9524129629135132, -2.9680455781999626e-07, 0.2736738622188568, 0.08758651465177536, -0.9578263759613037, -0.9122461676597595, -0.2919559180736542, -0.2873477637767792], "rows": 3, "cols": 3, "dt": "d"}}, {"T_41": {"data": [4.165446227943903e-07, 0.7662613987922668, 2.329878330230713], "rows": 3, "cols": 1, "dt": "d"}}, {"Location_41": {"data": [0.22203677892684937, 1.9991425275802612, 1.4034308195114136], "rows": 3, "cols": 1, "dt": "d"}}, {"Rot_42": {"data": [-0.9938890933990479, 0.11038714647293091, 1.1960632662066928e-07, 0.03171941265463829, 0.2855921983718872, -0.9578264355659485, -0.10573174059391022, -0.9519728422164917, -0.28734785318374634], "rows": 3, "cols": 3, "dt": "d"}}, {"T_42": {"data": [1.3016402533594373e-07, 0.7662608027458191, 2.329878568649292], "rows": 3, "cols": 1, "dt": "d"}}, {"Location_42": {"data": [-1.7344986200332642, 1.018522024154663, 1.403430461883545], "rows": 3, "cols": 1, "dt": "d"}}, {"Rot_43": {"data": [-0.506365954875946, -0.8623189926147461, -1.079630180811364e-07, -0.24778543412685394, 0.14550337195396423, -0.9578264355659485, 0.8259518146514893, -0.4850104749202728, -0.2873477041721344], "rows": 3, "cols": 3, "dt": "d"}}, {"T_43": {"data": [-2.729534287482238e-08, 0.7662609219551086, 2.329878568649292], "rows": 3, "cols": 1, "dt": "d"}}, {"Location_43": {"data": [-1.6376724243164062, -1.1678619384765625, 1.403430461883545], "rows": 3, "cols": 1, "dt": "d"}}, {"Rot_44": {"data": [0.5806111693382263, -0.8141810297966003, 1.610412425634422e-08, -0.2339531034231186, -0.16683730483055115, -0.9578263759613037, 0.7798439860343933, 0.5561246871948242, -0.2873477339744568], "rows": 3, "cols": 3, "dt": "d"}}, {"T_44": {"data": [-1.418103039441121e-07, 0.7662612199783325, 2.329878330230713], "rows": 3, "cols": 1, "dt": "d"}}, {"Location_44": {"data": [0.39788922667503357, -1.9716883897781372, 1.4034302234649658], "rows": 3, "cols": 1, "dt": "d"}}, {"Rot_45": {"data": [0.9802396297454834, 0.19781361520290375, -5.646817768933943e-08, 0.056841280311346054, -0.28166985511779785, -0.9578262567520142, -0.18947109580039978, 0.9388992786407471, -0.2873479425907135], "rows": 3, "cols": 3, "dt": "d"}}, {"T_45": {"data": [1.0905147007633786e-07, 0.7662606239318848, 2.329878091812134], "rows": 3, "cols": 1, "dt": "d"}}, {"Location_45": {"data": [1.9624152183532715, -0.44135957956314087, 1.403430700302124], "rows": 3, "cols": 1, "dt": "d"}}, {"Rot_46": {"data": [0.21942509710788727, 0.9756293892860413, -7.005209567978454e-08, 0.28034496307373047, -0.06305134296417236, -0.9578263759613037, -0.934483528137207, 0.2101711630821228, -0.2873477637767792], "rows": 3, "cols": 3, "dt": "d"}}, {"T_46": {"data": [3.367318299751787e-07, 0.7662613987922668, 2.329878330230713], "rows": 3, "cols": 1, "dt": "d"}}, {"Location_46": {"data": [1.203763723373413, 1.611466646194458, 1.403430700302124], "rows": 3, "cols": 1, "dt": "d"}}, {"Rot_47": {"data": [-0.8011525869369507, 0.5984600782394409, -7.50767981116951e-08, 0.1719662845134735, 0.23020943999290466, -0.9578263163566589, -0.5732207894325256, -0.767365038394928, -0.28734785318374634], "rows": 3, "cols": 3, "dt": "d"}}, {"T_47": {"data": [1.0536508199265882e-07, 0.7662612199783325, 2.329878330230713], "rows": 3, "cols": 1, "dt": "d"}}, {"Location_47": {"data": [-0.9799463748931885, 1.7565810680389404, 1.4034311771392822], "rows": 3, "cols": 1, "dt": "d"}}, {"Rot_48": {"data": [-0.8732973337173462, -0.48718762397766113, -5.0496453241066774e-08, -0.139992356300354, 0.2509402930736542, -0.9578262567520142, 0.4666410982608795, -0.8364670872688293, -0.28734803199768066], "rows": 3, "cols": 3, "dt": "d"}}, {"T_48": {"data": [7.086829612035217e-08, 0.7662613391876221, 2.329878568649292], "rows": 3, "cols": 1, "dt": "d"}}, {"Location_48": {"data": [-2.003561019897461, -0.17780816555023193, 1.4034305810928345], "rows": 3, "cols": 1, "dt": "d"}}, {"Rot_49": {"data": [0.08839850127696991, -0.9960852265357971, 6.501545612991322e-08, -0.2862229347229004, -0.025401169434189796, -0.9578263163566589, 0.9540765881538391, 0.08467040210962296, -0.28734785318374634], "rows": 3, "cols": 3, "dt": "d"}}, {"T_49": {"data": [-3.8926791035009956e-07, 0.7662610411643982, 2.329878568649292], "rows": 3, "cols": 1, "dt": "d"}}, {"Location_49": {"data": [-0.6552881002426147, -1.90170156955719, 1.403430461883545], "rows": 3, "cols": 1, "dt": "d"}}, {"Rot_50": {"data": [0.9454451203346252, -0.32578134536743164, 1.758681555941166e-08, -0.09361255168914795, -0.2716716229915619, -0.9578263163566589, 0.3120419383049011, 0.905572235584259, -0.28734782338142395], "rows": 3, "cols": 3, "dt": "d"}}, {"T_50": {"data": [3.492277045324954e-08, 0.7662610411643982, 2.329878330230713], "rows": 3, "cols": 1, "dt": "d"}}, {"Location_50": {"data": [1.4687381982803345, -1.3742923736572266, 1.403430461883545], "rows": 3, "cols": 1, "dt": "d"}}, {"Rot_51": {"data": [0.683239758014679, 0.7301941514015198, 7.475669860923517e-09, 0.20981967449188232, -0.19632743299007416, -0.9578263163566589, -0.6993991732597351, 0.6544249653816223, -0.28734779357910156], "rows": 3, "cols": 3, "dt": "d"}}, {"T_51": {"data": [-1.2970087936992059e-07, 0.766261100769043, 2.329878330230713], "rows": 3, "cols": 1, "dt": "d"}}, {"Location_51": {"data": [1.8540194034576416, 0.7800536155700684, 1.403430700302124], "rows": 3, "cols": 1, "dt": "d"}}, {"Rot_52": {"data": [-0.3878093957901001, 0.9217395782470703, -2.1822884832545242e-08, 0.2648598849773407, 0.1114361584186554, -0.9578262567520142, -0.882866382598877, -0.37145406007766724, -0.2873478829860687], "rows": 3, "cols": 3, "dt": "d"}}, {"T_52": {"data": [-1.4818702709362697e-07, 0.7662612795829773, 2.329878330230713], "rows": 3, "cols": 1, "dt": "d"}}, {"Location_52": {"data": [0.044445909559726715, 2.01094388961792, 1.403430461883545], "rows": 3, "cols": 1, "dt": "d"}}, {"Rot_53": {"data": [-0.9997557997703552, 0.022096654400229454, -3.82031153378648e-08, 0.006349463481456041, 0.2872776985168457, -0.9578262567520142, -0.021164745092391968, -0.9575924277305603, -0.2873479127883911], "rows": 3, "cols": 3, "dt": "d"}}, {"T_53": {"data": [-2.4615680160877673e-08, 0.7662610411643982, 2.329878091812134], "rows": 3, "cols": 1, "dt": "d"}}, {"Location_53": {"data": [-1.817744255065918, 0.8612071871757507, 1.4034309387207031], "rows": 3, "cols": 1, "dt": "d"}}, {"Rot_54": {"data": [-0.42815572023391724, -0.9037050604820251, -5.415298787170286e-08, -0.25967761874198914, 0.1230296790599823, -0.9578263759613037, 0.8655924797058105, -0.41009876132011414, -0.2873477637767792], "rows": 3, "cols": 3, "dt": "d"}}, {"T_54": {"data": [-2.2202324601039436e-07, 0.766261637210846, 2.329878568649292], "rows": 3, "cols": 1, "dt": "d"}}, {"Location_54": {"data": [-1.5280238389968872, -1.3080581426620483, 1.403430700302124], "rows": 3, "cols": 1, "dt": "d"}}, {"Rot_55": {"data": [0.6503106355667114, -0.7596683502197266, -5.6222354771762184e-08, -0.21828895807266235, -0.1868652105331421, -0.9578263163566589, 0.7276303768157959, 0.6228846311569214, -0.287347674369812], "rows": 3, "cols": 3, "dt": "d"}}, {"T_55": {"data": [-1.5951439991113148e-07, 0.7662615180015564, 2.329878330230713], "rows": 3, "cols": 1, "dt": "d"}}, {"Location_55": {"data": [-2.0592191219329834, -2.384185791015625e-07, 1.211843729019165], "rows": 3, "cols": 1, "dt": "d"}}, {"Rot_56": {"data": [2.62285624330616e-07, -1.0, -2.3493207379488013e-08, -0.19611620903015137, -4.852056179061037e-08, -0.9805806279182434, 0.9805806279182434, 2.3725826281406626e-07, -0.19611622393131256], "rows": 3, "cols": 3, "dt": "d"}}, {"T_56": {"data": [3.3015510325640207e-07, 0.7844642400741577, 2.256892681121826], "rows": 3, "cols": 1, "dt": "d"}}, {"Location_56": {"data": [-0.8403304219245911, -1.8799545764923096, 1.2118440866470337], "rows": 3, "cols": 1, "dt": "d"}}, {"Rot_57": {"data": [0.9129452705383301, -0.4080820083618164, 5.5939551657502307e-08, -0.08003149181604385, -0.17904353141784668, -0.9805806279182434, 0.40015730261802673, 0.8952164053916931, -0.1961163580417633], "rows": 3, "cols": 3, "dt": "d"}}, {"T_57": {"data": [-8.185367050828063e-09, 0.7844642400741577, 2.2568929195404053], "rows": 3, "cols": 1, "dt": "d"}}, {"Location_57": {"data": [1.3733716011047363, -1.5343515872955322, 1.2118442058563232], "rows": 3, "cols": 1, "dt": "d"}}, {"Rot_58": {"data": [0.7451131343841553, 0.666938066482544, 1.5159248789586854e-07, 0.1307974010705948, -0.1461285650730133, -0.9805806875228882, -0.6539865732192993, 0.7306435704231262, -0.19611607491970062], "rows": 3, "cols": 3, "dt": "d"}}, {"T_58": {"data": [5.471210329233145e-08, 0.784464955329895, 2.256892681121826], "rows": 3, "cols": 1, "dt": "d"}}, {"Location_58": {"data": [1.9612274169921875, 0.6276720762252808, 1.2118439674377441], "rows": 3, "cols": 1, "dt": "d"}}, {"Rot_59": {"data": [-0.3048109710216522, 0.9524130821228027, -1.8320903905078012e-08, 0.18678343296051025, 0.05977841466665268, -0.9805808663368225, -0.9339178800582886, -0.2988916039466858, -0.19611585140228271], "rows": 3, "cols": 3, "dt": "d"}}, {"T_59": {"data": [5.586438760474266e-07, 0.784464955329895, 2.2568931579589844], "rows": 3, "cols": 1, "dt": "d"}}, {"Location_59": {"data": [0.22731146216392517, 2.0466341972351074, 1.211843729019165], "rows": 3, "cols": 1, "dt": "d"}}, {"Rot_60": {"data": [-0.9938886761665344, 0.11038712412118912, -1.3637956897127879e-07, 0.02164880558848381, 0.19491739571094513, -0.980580747127533, -0.10824345797300339, -0.9745880961418152, -0.1961159110069275], "rows": 3, "cols": 3, "dt": "d"}}, {"T_60": {"data": [3.887881234732049e-07, 0.784464955329895, 2.256892204284668], "rows": 3, "cols": 1, "dt": "d"}}, {"Location_60": {"data": [-1.7757039070129395, 1.0427178144454956, 1.2118436098098755], "rows": 3, "cols": 1, "dt": "d"}}, {"Rot_61": {"data": [-0.5063657164573669, -0.862318754196167, -2.1446314235618047e-07, -0.16911442577838898, 0.09930657595396042, -0.9805806279182434, 0.8455731868743896, -0.4965324401855469, -0.19611606001853943], "rows": 3, "cols": 3, "dt": "d"}}, {"T_61": {"data": [-1.5733672853457392e-07, 0.7844644784927368, 2.2568929195404053], "rows": 3, "cols": 1, "dt": "d"}}, {"Location_61": {"data": [-1.676577091217041, -1.195605993270874, 1.2118442058563232], "rows": 3, "cols": 1, "dt": "d"}}, {"Rot_62": {"data": [0.5806112289428711, -0.8141809105873108, -1.1140443234580744e-08, -0.15967413783073425, -0.11386729776859283, -0.9805806279182434, 0.7983700633049011, 0.5693361759185791, -0.19611625373363495], "rows": 3, "cols": 3, "dt": "d"}}, {"T_62": {"data": [-4.610416226569214e-08, 0.7844645380973816, 2.2568931579589844], "rows": 3, "cols": 1, "dt": "d"}}, {"Location_62": {"data": [0.40734153985977173, -2.018528461456299, 1.211843729019165], "rows": 3, "cols": 1, "dt": "d"}}, {"Rot_63": {"data": [0.9802396297454834, 0.19781363010406494, -1.373788904857065e-08, 0.03879439830780029, -0.1922406405210495, -0.980580747127533, -0.19397222995758057, 0.9612041115760803, -0.19611595571041107], "rows": 3, "cols": 3, "dt": "d"}}, {"T_63": {"data": [1.3585746216904226e-07, 0.7844648361206055, 2.256892681121826], "rows": 3, "cols": 1, "dt": "d"}}, {"Location_63": {"data": [2.0090348720550537, -0.4518450200557709, 1.2118439674377441], "rows": 3, "cols": 1, "dt": "d"}}, {"Rot_64": {"data": [0.219425231218338, 0.9756293296813965, 5.376134382117925e-08, 0.19133660197257996, -0.04303273186087608, -0.980580747127533, -0.9566832780838013, 0.2151641994714737, -0.19611604511737823], "rows": 3, "cols": 3, "dt": "d"}}, {"T_64": {"data": [2.328728641032285e-07, 0.7844648361206055, 2.2568929195404053], "rows": 3, "cols": 1, "dt": "d"}}, {"Location_64": {"data": [1.2323607206344604, 1.6497493982315063, 1.211843490600586], "rows": 3, "cols": 1, "dt": "d"}}, {"Rot_65": {"data": [-0.8011530041694641, 0.5984600186347961, -8.398718875923805e-08, 0.11736742407083511, 0.15711870789527893, -0.9805809259414673, -0.58683842420578, -0.7855951189994812, -0.19611547887325287], "rows": 3, "cols": 3, "dt": "d"}}, {"T_65": {"data": [5.786164933851978e-07, 0.7844651341438293, 2.2568929195404053], "rows": 3, "cols": 1, "dt": "d"}}, {"Location_65": {"data": [-1.0032265186309814, 1.7983109951019287, 1.211843729019165], "rows": 3, "cols": 1, "dt": "d"}}, {"Rot_66": {"data": [-0.8732974529266357, -0.4871877431869507, -5.1978879866965144e-08, -0.0955452248454094, 0.17126764357089996, -0.9805808067321777, 0.47772690653800964, -0.8563385605812073, -0.19611583650112152], "rows": 3, "cols": 3, "dt": "d"}}, {"T_66": {"data": [3.385636659913871e-09, 0.7844647765159607, 2.2568931579589844], "rows": 3, "cols": 1, "dt": "d"}}, {"Location_66": {"data": [-2.0511579513549805, -0.18203240633010864, 1.2118440866470337], "rows": 3, "cols": 1, "dt": "d"}}, {"Rot_67": {"data": [0.08839855343103409, -0.9960852265357971, -7.603397023103753e-09, -0.1953483372926712, -0.017336325719952583, -0.980580747127533, 0.9767419695854187, 0.08668197691440582, -0.19611604511737823], "rows": 3, "cols": 3, "dt": "d"}}, {"T_67": {"data": [-3.782160717946681e-07, 0.7844648957252502, 2.2568931579589844], "rows": 3, "cols": 1, "dt": "d"}}, {"Location_67": {"data": [-0.6708551645278931, -1.9468787908554077, 1.211843729019165], "rows": 3, "cols": 1, "dt": "d"}}, {"Rot_68": {"data": [0.9454451203346252, -0.3257814943790436, -1.0137195971537949e-08, -0.06389100849628448, -0.1854168325662613, -0.9805809259414673, 0.31945502758026123, 0.9270853996276855, -0.19611592590808868], "rows": 3, "cols": 3, "dt": "d"}}, {"T_68": {"data": [-3.4534318160694966e-07, 0.7844651341438293, 2.2568929195404053], "rows": 3, "cols": 1, "dt": "d"}}, {"Location_68": {"data": [1.5036296844482422, -1.4069404602050781, 1.2118440866470337], "rows": 3, "cols": 1, "dt": "d"}}, {"Rot_69": {"data": [0.6832398176193237, 0.730194091796875, 7.896788645211927e-08, 0.14320290088653564, -0.13399426639080048, -0.9805806875228882, -0.7160142064094543, 0.669971764087677, -0.1961161196231842], "rows": 3, "cols": 3, "dt": "d"}}, {"T_69": {"data": [-2.1490606627594389e-07, 0.7844647765159607, 2.256892681121826], "rows": 3, "cols": 1, "dt": "d"}}, {"Location_69": {"data": [1.898064374923706, 0.7985847592353821, 1.2118438482284546], "rows": 3, "cols": 1, "dt": "d"}}, {"Rot_70": {"data": [-0.3878093659877777, 0.9217396378517151, 3.989725883002393e-08, 0.1807679682970047, 0.07605570554733276, -0.9805806875228882, -0.9038400650024414, -0.3802783489227295, -0.19611608982086182], "rows": 3, "cols": 3, "dt": "d"}}, {"T_70": {"data": [-1.0795389471240924e-07, 0.784464418888092, 2.2568931579589844], "rows": 3, "cols": 1, "dt": "d"}}, {"Location_70": {"data": [0.04550179839134216, 2.0587167739868164, 1.211843490600586], "rows": 3, "cols": 1, "dt": "d"}}, {"Rot_71": {"data": [-0.999755859375, 0.022096656262874603, -3.549079963249824e-08, 0.0043335407972335815, 0.19606803357601166, -0.980580747127533, -0.021667547523975372, -0.9803413152694702, -0.1961159110069275], "rows": 3, "cols": 3, "dt": "d"}}, {"T_71": {"data": [-2.4045931468208437e-08, 0.7844646573066711, 2.2568929195404053], "rows": 3, "cols": 1, "dt": "d"}}, {"Location_71": {"data": [-1.8609273433685303, 0.8816657066345215, 1.2118438482284546], "rows": 3, "cols": 1, "dt": "d"}}, {"Rot_72": {"data": [-0.42815566062927246, -0.9037052392959595, -1.335268535740397e-07, -0.1772310733795166, 0.08396844565868378, -0.9805808067321777, 0.886155903339386, -0.4198410212993622, -0.19611597061157227], "rows": 3, "cols": 3, "dt": "d"}}, {"T_72": {"data": [-4.938373763252457e-07, 0.7844645977020264, 2.2568931579589844], "rows": 3, "cols": 1, "dt": "d"}}, {"Location_72": {"data": [-1.5643234252929688, -1.3391326665878296, 1.2118440866470337], "rows": 3, "cols": 1, "dt": "d"}}, {"Rot_73": {"data": [0.6503108143806458, -0.759668231010437, -6.90781831735876e-08, -0.14898332953453064, -0.12753644585609436, -0.9805806875228882, 0.7449159622192383, 0.6376822590827942, -0.19611622393131256], "rows": 3, "cols": 3, "dt": "d"}}, {"T_73": {"data": [-3.549730109853044e-08, 0.7844645380973816, 2.2568929195404053], "rows": 3, "cols": 1, "dt": "d"}}, {"Location_73": {"data": [-2.089578151702881, -1.1920928955078125e-07, 1.008957862854004], "rows": 3, "cols": 1, "dt": "d"}}, {"Rot_74": {"data": [6.54646541420334e-08, -1.0, 5.656151813582255e-08, -0.09950374811887741, -6.54646541420334e-08, -0.9950371980667114, 0.9950371980667114, 5.656151813582255e-08, -0.09950375556945801], "rows": 3, "cols": 3, "dt": "d"}}, {"T_74": {"data": [-3.948396098962803e-08, 0.7960297465324402, 2.179603099822998], "rows": 3, "cols": 1, "dt": "d"}}, {"Location_74": {"data": [-0.8527194261550903, -1.9076708555221558, 1.008957862854004], "rows": 3, "cols": 1, "dt": "d"}}, {"Rot_75": {"data": [0.9129452705383301, -0.40808209776878357, -4.116666119102774e-08, -0.04060567915439606, -0.09084121137857437, -0.995037317276001, 0.40605688095092773, 0.9084146022796631, -0.09950348734855652], "rows": 3, "cols": 3, "dt": "d"}}, {"T_75": {"data": [-7.76738602326077e-08, 0.7960303425788879, 2.1796035766601562], "rows": 3, "cols": 1, "dt": "d"}}, {"Location_75": {"data": [1.3936190605163574, -1.5569720268249512, 1.008957862854004], "rows": 3, "cols": 1, "dt": "d"}}, {"Rot_76": {"data": [0.7451131343841553, 0.666938066482544, 9.52506553630883e-08, 0.06636285036802292, -0.07414139807224274, -0.9950371980667114, -0.6636281609535217, 0.7414153218269348, -0.09950362890958786], "rows": 3, "cols": 3, "dt": "d"}}, {"T_76": {"data": [-9.61038963964711e-08, 0.7960299849510193, 2.179602861404419], "rows": 3, "cols": 1, "dt": "d"}}, {"Location_76": {"data": [1.9901412725448608, 0.6369255781173706, 1.0089576244354248], "rows": 3, "cols": 1, "dt": "d"}}, {"Rot_77": {"data": [-0.304810494184494, 0.9524130821228027, -3.573679236978933e-07, 0.09476868063211441, 0.030329439789056778, -0.9950371980667114, -0.9476864337921143, -0.3032977879047394, -0.09950362890958786], "rows": 3, "cols": 3, "dt": "d"}}, {"T_77": {"data": [6.254586537579598e-08, 0.7960296869277954, 2.179602861404419], "rows": 3, "cols": 1, "dt": "d"}}, {"Location_77": {"data": [0.23066279292106628, 2.076808214187622, 1.0089576244354248], "rows": 3, "cols": 1, "dt": "d"}}, {"Rot_78": {"data": [-0.9938887357711792, 0.11038712412118912, 1.1023669799214986e-07, 0.010983810760080814, 0.09889557957649231, -0.9950372576713562, -0.1098393052816391, -0.9889562129974365, -0.09950359910726547], "rows": 3, "cols": 3, "dt": "d"}}, {"T_78": {"data": [1.5699674804636743e-07, 0.7960297465324402, 2.179603099822998], "rows": 3, "cols": 1, "dt": "d"}}, {"Location_78": {"data": [-1.8018826246261597, 1.0580905675888062, 1.0089579820632935], "rows": 3, "cols": 1, "dt": "d"}}, {"Rot_79": {"data": [-0.5063657164573669, -0.8623188734054565, 7.099849597125285e-08, -0.08580383658409119, 0.05038515850901604, -0.9950372576713562, 0.858039379119873, -0.5038526654243469, -0.0995035320520401], "rows": 3, "cols": 3, "dt": "d"}}, {"T_79": {"data": [-1.9084379232481297e-07, 0.7960303425788879, 2.179602861404419], "rows": 3, "cols": 1, "dt": "d"}}, {"Location_79": {"data": [-1.7012946605682373, -1.213232398033142, 1.0089577436447144], "rows": 3, "cols": 1, "dt": "d"}}, {"Rot_80": {"data": [0.5806111693382263, -0.8141809701919556, 8.008085927713182e-08, -0.08101394772529602, -0.057773008942604065, -0.9950371980667114, 0.8101403713226318, 0.5777297019958496, -0.09950366616249084], "rows": 3, "cols": 3, "dt": "d"}}, {"T_80": {"data": [-8.079820190687315e-08, 0.796029806137085, 2.179602861404419], "rows": 3, "cols": 1, "dt": "d"}}, {"Location_80": {"data": [0.4133469760417938, -2.0482876300811768, 1.0089576244354248], "rows": 3, "cols": 1, "dt": "d"}}, {"Rot_81": {"data": [0.9802396297454834, 0.19781360030174255, -2.2355614248681377e-08, 0.019683118909597397, -0.09753727912902832, -0.9950371980667114, -0.19683189690113068, 0.9753749370574951, -0.09950349479913712], "rows": 3, "cols": 3, "dt": "d"}}, {"T_81": {"data": [8.216051128329127e-08, 0.7960299849510193, 2.179603099822998], "rows": 3, "cols": 1, "dt": "d"}}, {"Location_81": {"data": [2.0386533737182617, -0.45850610733032227, 1.0089577436447144], "rows": 3, "cols": 1, "dt": "d"}}, {"Rot_82": {"data": [0.21942485868930817, 0.9756295680999756, -1.5982602974418114e-07, 0.09707847982645035, -0.021833503618836403, -0.9950374364852905, -0.9707877039909363, 0.2183360904455185, -0.09950327128171921], "rows": 3, "cols": 3, "dt": "d"}}, {"T_82": {"data": [1.055327402355033e-06, 0.7960305213928223, 2.17960262298584], "rows": 3, "cols": 1, "dt": "d"}}, {"Location_82": {"data": [1.250529170036316, 1.6740713119506836, 1.0089576244354248], "rows": 3, "cols": 1, "dt": "d"}}, {"Rot_83": {"data": [-0.8011527061462402, 0.