%YAML:1.0
Rot_1:
   cols: 3
   data: [2.2286940293270163e-08, -1.0, 0.0, -0.28734785318374634, -2.2286940293270163e-08,
      -0.9578262567520142, 0.9578262567520142, 0.0, -0.2873478829860687]
   dt: d
   rows: 3
T_1:
   cols: 1
   data: [4.48287309495754e-08, 0.7662610411643982, 2.329878091812134]
   dt: d
   rows: 3
Location_1:
   cols: 1
   data: [-1.8782970905303955, 1.7881393432617188e-07, 1.7391483783721924]
   dt: d
   rows: 3
Rot_2:
   cols: 3
   data: [-1.6167135186151427e-07, -1.0000001192092896, 3.58522527221794e-08, -0.44721361994743347,
      1.173555261857473e-07, -0.8944273591041565, 0.8944273591041565, -3.58522527221794e-08,
      -0.44721347093582153]
   dt: d
   rows: 3
T_2:
   cols: 1
   data: [-1.8720525929438736e-07, 0.7155418395996094, 2.457770824432373]
   dt: d
   rows: 3
Location_2:
   cols: 1
   data: [-0.7664994597434998, -1.714782476425171, 1.7391483783721924]
   dt: d
   rows: 3
Rot_3:
   cols: 3
   data: [0.9129452109336853, -0.40808215737342834, -9.30693211387279e-09, -0.18249987065792084,
      -0.40828144550323486, -0.8944272398948669, 0.36499977111816406, 0.816563069820404,
      -0.4472135007381439]
   dt: d
   rows: 3
T_3:
   cols: 1
   data: [-1.030231544518756e-07, 0.7155417203903198, 2.457770824432373]
   dt: d
   rows: 3
Location_3:
   cols: 1
   data: [1.252707839012146, -1.3995437622070312, 1.7391486167907715]
   dt: d
   rows: 3
Rot_4:
   cols: 3
   data: [0.745112955570221, 0.6669383645057678, -6.905361971121238e-08, 0.2982637584209442,
      -0.33322444558143616, -0.894427478313446, -0.5965278744697571, 0.6664495468139648,
      -0.4472133219242096]
   dt: d
   rows: 3
T_4:
   cols: 1
   data: [7.161409598666069e-07, 0.7155427932739258, 2.457770824432373]
   dt: d
   rows: 3
Location_4:
   cols: 1
   data: [1.788914442062378, 0.5725253224372864, 1.739148736000061]
   dt: d
   rows: 3
Rot_5:
   cols: 3
   data: [-0.3048107326030731, 0.952413022518158, -1.97028100501484e-07, 0.4259321689605713,
      0.13631537556648254, -0.8944271802902222, -0.8518640398979187, -0.2726310193538666,
      -0.44721364974975586]
   dt: d
   rows: 3
T_5:
   cols: 1
   data: [1.0424258789498708e-07, 0.715541660785675, 2.457771062850952]
   dt: d
   rows: 3
Location_5:
   cols: 1
   data: [0.20734000205993652, 1.8668181896209717, 1.739148736000061]
   dt: d
   rows: 3
Rot_6:
   cols: 3
   data: [-0.9938887357711792, 0.11038711667060852, 9.330919681360683e-08, 0.04936652630567551,
      0.4444805085659027, -0.8944272994995117, -0.09873329102993011, -0.888961136341095,
      -0.4472135007381439]
   dt: d
   rows: 3
T_6:
   cols: 1
   data: [6.123885043507471e-08, 0.7155421376228333, 2.457771062850952]
   dt: d
   rows: 3
Location_6:
   cols: 1
   data: [-1.6196908950805664, 0.9511054158210754, 1.739148736000061]
   dt: d
   rows: 3
Rot_7:
   cols: 3
   data: [-0.5063655972480774, -0.8623188138008118, 2.0222477914444426e-08, -0.38564062118530273,
      0.2264535129070282, -0.8944272398948669, 0.7712814807891846, -0.4529072344303131,
      -0.4472135007381439]
   dt: d
   rows: 3
T_7:
   cols: 1
   data: [3.224579643301695e-07, 0.7155422568321228, 2.457770824432373]
   dt: d
   rows: 3
Location_7:
   cols: 1
   data: [-1.5292737483978271, -1.0905600786209106, 1.739148497581482]
   dt: d
   rows: 3
Rot_8:
   cols: 3
   data: [0.5806109309196472, -0.8141811490058899, 1.2250559677795536e-07, -0.3641126751899719,
      -0.2596571147441864, -0.8944272994995117, 0.728225827217102, 0.5193142294883728,
      -0.44721341133117676]
   dt: d
   rows: 3
T_8:
   cols: 1
   data: [-6.302879569375364e-07, 0.715542197227478, 2.457770586013794]
   dt: d
   rows: 3
Location_8:
   cols: 1
   data: [0.37155282497406006, -1.8411815166473389, 1.7391482591629028]
   dt: d
   rows: 3
Rot_9:
   cols: 3
   data: [0.9802396297454834, 0.19781365990638733, -5.5149158129097486e-08, 0.08846485614776611,
      -0.43837615847587585, -0.894427478313446, -0.17692996561527252, 0.8767532706260681,
      -0.44721323251724243]
   dt: d
   rows: 3
T_9:
   cols: 1
   data: [1.2571487673085358e-07, 0.7155425548553467, 2.457770824432373]
   dt: d
   rows: 3
Location_9:
   cols: 1
   data: [1.8325215578079224, -0.41214561462402344, 1.7391486167907715]
   dt: d
   rows: 3
Rot_10:
   cols: 3
   data: [0.21942491829395294, 0.9756295680999756, -8.167234000211465e-08, 0.4363147020339966,
      -0.0981297418475151, -0.8944274187088013, -0.8726296424865723, 0.1962597668170929,
      -0.44721338152885437]
   dt: d
   rows: 3
T_10:
   cols: 1
   data: [7.08284460415598e-07, 0.7155424356460571, 2.457770824432373]
   dt: d
   rows: 3
Location_10:
   cols: 1
   data: [1.1240856647491455, 1.5048025846481323, 1.7391486167907715]
   dt: d
   rows: 3
Rot_11:
   cols: 3
   data: [-0.8011527061462402, 0.5984601378440857, -5.713801698448151e-08, 0.2676396071910858,
      0.35828641057014465, -0.8944272398948669, -0.5352789759635925, -0.7165727019309998,
      -0.44721361994743347]
   dt: d
   rows: 3
T_11:
   cols: 1
   data: [-1.983778474823339e-08, 0.7155417203903198, 2.457770824432373]
   dt: d
   rows: 3
Location_11:
   cols: 1
   data: [-0.9150828123092651, 1.6403114795684814, 1.7391488552093506]
   dt: d
   rows: 3
Rot_12:
   cols: 3
   data: [-0.8732977509498596, -0.4871877431869507, 1.3041283608572485e-08, -0.2178770899772644,
      0.3905509114265442, -0.8944272994995117, 0.4357539117336273, -0.7811009883880615,
      -0.44721364974975586]
   dt: d
   rows: 3
T_12:
   cols: 1
   data: [-1.4189002683906438e-07, 0.7155415415763855, 2.457770824432373]
   dt: d
   rows: 3
Location_12:
   cols: 1
   data: [-1.870943546295166, -0.16603881120681763, 1.7391486167907715]
   dt: d
   rows: 3
Rot_13:
   cols: 3
   data: [0.08839855343103409, -0.9960851669311523, 1.0387523730059911e-07, -0.44546282291412354,
      -0.03953312709927559, -0.8944271802902222, 0.8909256458282471, 0.07906602323055267,
      -0.4472135901451111]
   dt: d
   rows: 3
T_13:
   cols: 1
   data: [-2.700614345485519e-07, 0.7155419588088989, 2.457770347595215]
   dt: d
   rows: 3
Location_13:
   cols: 1
   data: [-0.6119141578674316, -1.7758265733718872, 1.7391482591629028]
   dt: d
   rows: 3
Rot_14:
   cols: 3
   data: [0.9454451203346252, -0.3257814943790436, 2.931507481207518e-09, -0.14569388329982758,
      -0.4228156507015228, -0.894427478313446, 0.2913878560066223, 0.8456320762634277,
      -0.447213351726532]
   dt: d
   rows: 3
T_14:
   cols: 1
   data: [-1.839122631963619e-07, 0.7155425548553467, 2.457770586013794]
   dt: d
   rows: 3
Location_14:
   cols: 1
   data: [1.3715214729309082, -1.2833268642425537, 1.7391483783721924]
   dt: d
   rows: 3
Rot_15:
   cols: 3
   data: [0.6832396388053894, 0.7301942110061646, -9.918080223769721e-08, 0.3265526294708252,
      -0.30555403232574463, -0.8944272994995117, -0.653105616569519, 0.611108124256134,
      -0.44721344113349915]
   dt: d
   rows: 3
T_15:
   cols: 1
   data: [1.7249013239961641e-07, 0.7155420780181885, 2.457770347595215]
   dt: d
   rows: 3
Location_15:
   cols: 1
   data: [1.7313003540039062, 0.7284213304519653, 1.739148736000061]
   dt: d
   rows: 3
Rot_16:
   cols: 3
   data: [-0.38780954480171204, 0.9217395186424255, -7.021702685960918e-08, 0.412214457988739,
      0.17343363165855408, -0.8944271802902222, -0.8244288563728333, -0.3468674421310425,
      -0.4472135901451111]
   dt: d
   rows: 3
T_16:
   cols: 1
   data: [1.817224983824417e-07, 0.7155420780181885, 2.457770586013794]
   dt: d
   rows: 3
Location_16:
   cols: 1
   data: [0.04150401055812836, 1.877838134765625, 1.739148736000061]
   dt: d
   rows: 3
Rot_17:
   cols: 3
   data: [-0.9997562170028687, 0.0220966599881649, -3.464158027099984e-08, 0.009881960228085518,
      0.4471047818660736, -0.8944272994995117, -0.01976383663713932, -0.8942089080810547,
      -0.4472135901451111]
   dt: d
   rows: 3
T_17:
   cols: 1
   data: [6.42216946289409e-10, 0.7155415415763855, 2.457770824432373]
   dt: d
   rows: 3
