%YAML:1.0
names: ['1', '2', '3', '4', '5', '6', '7', '8', '9', '10', '11', '12', '13', '14',
   '15', '16', '17', '18', '19', '20', '21', '22', '23', '24', '25', '26', '27',
   '28', '29', '30', '31', '32', '33', '34', '35', '36', '37', '38', '39', '40',
   '41', '42', '43', '44', '45', '46', '47', '48', '49', '50', '51', '52', '53',
   '54', '55', '56', '57', '58', '59', '60', '61', '62', '63', '64', '65', '66',
   '67', '68', '69', '70', '71', '72', '73', '74', '75', '76', '77', '78', '79',
   '80', '81', '82', '83', '84', '85', '86', '87', '88', '89', '90']
K_1:
   cols: 3
   data: [876.53076171875, 0.0, 512.0, 0.0, 876.53076171875, 512.0, 0.0, 0.0, 1.0]
   dt: d
   rows: 3
dist_1:
   cols: 1
   data: [0.0, 0.0, 0.0, 0.0, 0.0]
   dt: d
   rows: 5
K_2:
   cols: 3
   data: [876.53076171875, 0.0, 512.0, 0.0, 876.53076171875, 512.0, 0.0, 0.0, 1.0]
   dt: d
   rows: 3
dist_2:
   cols: 1
   data: [0.0, 0.0, 0.0, 0.0, 0.0]
   dt: d
   rows: 5
K_3:
   cols: 3
   data: [876.53076171875, 0.0, 512.0, 0.0, 876.53076171875, 512.0, 0.0, 0.0, 1.0]
   dt: d
   rows: 3
dist_3:
   cols: 1
   data: [0.0, 0.0, 0.0, 0.0, 0.0]
   dt: d
   rows: 5
K_4:
   cols: 3
   data: [876.53076171875, 0.0, 512.0, 0.0, 876.53076171875, 512.0, 0.0, 0.0, 1.0]
   dt: d
   rows: 3
dist_4:
   cols: 1
   data: [0.0, 0.0, 0.0, 0.0, 0.0]
   dt: d
   rows: 5
K_5:
   cols: 3
   data: [876.53076171875, 0.0, 512.0, 0.0, 876.53076171875, 512.0, 0.0, 0.0, 1.0]
   dt: d
   rows: 3
dist_5:
   cols: 1
   data: [0.0, 0.0, 0.0, 0.0, 0.0]
   dt: d
   rows: 5
K_6:
   cols: 3
   data: [876.53076171875, 0.0, 512.0, 0.0, 876.53076171875, 512.0, 0.0, 0.0, 1.0]
   dt: d
   rows: 3
dist_6:
   cols: 1
   data: [0.0, 0.0, 0.0, 0.0, 0.0]
   dt: d
   rows: 5
K_7:
   cols: 3
   data: [876.53076171875, 0.0, 512.0, 0.0, 876.53076171875, 512.0, 0.0, 0.0, 1.0]
   dt: d
   rows: 3
dist_7:
   cols: 1
   data: [0.0, 0.0, 0.0, 0.0, 0.0]
   dt: d
   rows: 5
K_8:
   cols: 3
   data: [876.53076171875, 0.0, 512.0, 0.0, 876.53076171875, 512.0, 0.0, 0.0, 1.0]
   dt: d
   rows: 3
dist_8:
   cols: 1
   data: [0.0, 0.0, 0.0, 0.0, 0.0]
   dt: d
   rows: 5
K_9:
   cols: 3
   data: [876.53076171875, 0.0, 512.0, 0.0, 876.53076171875, 512.0, 0.0, 0.0, 1.0]
   dt: d
   rows: 3
dist_9:
   cols: 1
   data: [0.0, 0.0, 0.0, 0.0, 0.0]
   dt: d
   rows: 5
K_10:
   cols: 3
   data: [876.53076171875, 0.0, 512.0, 0.0, 876.53076171875, 512.0, 0.0, 0.0, 1.0]
   dt: d
   rows: 3
dist_10:
   cols: 1
   data: [0.0, 0.0, 0.0, 0.0, 0.0]
   dt: d
   rows: 5
K_11:
   cols: 3
   data: [876.53076171875, 0.0, 512.0, 0.0, 876.53076171875, 512.0, 0.0, 0.0, 1.0]
   dt: d
   rows: 3
dist_11:
   cols: 1
   data: [0.0, 0.0, 0.0, 0.0, 0.0]
   dt: d
   rows: 5
K_12:
   cols: 3
   data: [876.53076171875, 0.0, 512.0, 0.0, 876.53076171875, 512.0, 0.0, 0.0, 1.0]
   dt: d
   rows: 3
dist_12:
   cols: 1
   data: [0.0, 0.0, 0.0, 0.0, 0.0]
   dt: d
   rows: 5
K_13:
   cols: 3
   data: [876.53076171875, 0.0, 512.0, 0.0, 876.53076171875, 512.0, 0.0, 0.0, 1.0]
   dt: d
   rows: 3
dist_13:
   cols: 1
   data: [0.0, 0.0, 0.0, 0.0, 0.0]
   dt: d
   rows: 5
K_14:
   cols: 3
   data: [876.53076171875, 0.0, 512.0, 0.0, 876.53076171875, 512.0, 0.0, 0.0, 1.0]
   dt: d
   rows: 3
dist_14:
   cols: 1
   data: [0.0, 0.0, 0.0, 0.0, 0.0]
   dt: d
   rows: 5
K_15:
   cols: 3
   data: [876.53076171875, 0.0, 512.0, 0.0, 876.53076171875, 512.0, 0.0, 0.0, 1.0]
   dt: d
   rows: 3
dist_15:
   cols: 1
   data: [0.0, 0.0, 0.0, 0.0, 0.0]
   dt: d
   rows: 5
K_16:
   cols: 3
   data: [876.53076171875, 0.0, 512.0, 0.0, 876.53076171875, 512.0, 0.0, 0.0, 1.0]
   dt: d
   rows: 3
dist_16:
   cols: 1
   data: [0.0, 0.0, 0.0, 0.0, 0.0]
   dt: d
   rows: 5
K_17:
   cols: 3
   data: [876.53076171875, 0.0, 512.0, 0.0, 876.53076171875, 512.0, 0.0, 0.0, 1.0]
   dt: d
   rows: 3
dist_17:
   cols: 1
   data: [0.0, 0.0, 0.0, 0.0, 0.0]
   dt: d
   rows: 5
K_18:
   cols: 3
   data: [876.53076171875, 0.0, 512.0, 0.0, 876.53076171875, 512.0, 0.0, 0.0, 1.0]
   dt: d
   rows: 3
dist_18:
   cols: 1
   data: [0.0, 0.0, 0.0, 0.0, 0.0]
   dt: d
   rows: 5
K_19:
   cols: 3
   data: [876.53076171875, 0.0, 512.0, 0.0, 876.53076171875, 512.0, 0.0, 0.0, 1.0]
   dt: d
   rows: 3
dist_19:
   cols: 1
   data: [0.0, 0.0, 0.0, 0.0, 0.0]
   dt: d
   rows: 5
K_20:
   cols: 3
   data: [876.53076171875, 0.0, 512.0, 0.0, 876.53076171875, 512.0, 0.0, 0.0, 1.0]
   dt: d
   rows: 3
dist_20:
   cols: 1
   data: [0.0, 0.0, 0.0, 0.0, 0.0]
   dt: d
   rows: 5
K_21:
   cols: 3
   data: [876.53076171875, 0.0, 512.0, 0.0, 876.53076171875, 512.0, 0.0, 0.0, 1.0]
   dt: d
   rows: 3
dist_21:
   cols: 1
   data: [0.0, 0.0, 0.0, 0.0, 0.0]
   dt: d
   rows: 5
K_22:
   cols: 3
   data: [876.53076171875, 0.0, 512.0, 0.0, 876.53076171875, 512.0, 0.0, 0.0, 1.0]
   dt: d
   rows: 3
dist_22:
   cols: 1
   data: [0.0, 0.0, 0.0, 0.0, 0.0]
   dt: d
   rows: 5
K_23:
   cols: 3
   data: [876.53076171875, 0.0, 512.0, 0.0, 876.53076171875, 512.0, 0.0, 0.0, 1.0]
   dt: d
   rows: 3
dist_23:
   cols: 1
   data: [0.0, 0.0, 0.0, 0.0, 0.0]
   dt: d
   rows: 5
K_24:
   cols: 3
   data: [876.53076171875, 0.0, 512.0, 0.0, 876.53076171875, 512.0, 0.0, 0.0, 1.0]
   dt: d
   rows: 3
dist_24:
   cols: 1
   data: [0.0, 0.0, 0.0, 0.0, 0.0]
   dt: d
   rows: 5
K_25:
   cols: 3
   data: [876.53076171875, 0.0, 512.0, 0.0, 876.53076171875, 512.0, 0.0, 0.0, 1.0]
   dt: d
   rows: 3
dist_25:
   cols: 1
   data: [0.0, 0.0, 0.0, 0.0, 0.0]
   dt: d
   rows: 5
K_26:
   cols: 3
   data: [876.53076171875, 0.0, 512.0, 0.0, 876.53076171875, 512.0, 0.0, 0.0, 1.0]
   dt: d
   rows: 3
dist_26:
   cols: 1
   data: [0.0, 0.0, 0.0, 0.0, 0.0]
   dt: d
   rows: 5
K_27:
   cols: 3
   data: [876.53076171875, 0.0, 512.0, 0.0, 876.53076171875, 512.0, 0.0, 0.0, 1.0]
   dt: d
   rows: 3
dist_27:
   cols: 1
   data: [0.0, 0.0, 0.0, 0.0, 0.0]
   dt: d
   rows: 5
K_28:
   cols: 3
   data: [876.53076171875, 0.0, 512.0, 0.0, 876.53076171875, 512.0, 0.0, 0.0, 1.0]
   dt: d
   rows: 3
dist_28:
   cols: 1
   data: [0.0, 0.0, 0.0, 0.0, 0.0]
   dt: d
   rows: 5
K_29:
   cols: 3
   data: [876.53076171875, 0.0, 512.0, 0.0, 876.53076171875, 512.0, 0.0, 0.0, 1.0]
   dt: d
   rows: 3
dist_29:
   cols: 1
   data: [0.0, 0.0, 0.0, 0.0, 0.0]
   dt: d
   rows: 5
K_30:
   cols: 3
   data: [876.53076171875, 0.0, 512.0, 0.0, 876.53076171875, 512.0, 0.0, 0.0, 1.0]
   dt: d
   rows: 3
dist_30:
   cols: 1
   data: [0.0, 0.0, 0.0, 0.0, 0.0]
   dt: d
   rows: 5
K_31:
   cols: 3
   data: [876.53076171875, 0.0, 512.0, 0.0, 876.53076171875, 512.0, 0.0, 0.0, 1.0]
   dt: d
   rows: 3
dist_31:
   cols: 1
   data: [0.0, 0.0, 0.0, 0.0, 0.0]
   dt: d
   rows: 5
K_32:
   cols: 3
   data: [876.53076171875, 0.0, 512.0, 0.0, 876.53076171875, 512.0, 0.0, 0.0, 1.0]
   dt: d
   rows: 3
dist_32:
   cols: 1
   data: [0.0, 0.0, 0.0, 0.0, 0.0]
   dt: d
   rows: 5
K_33:
   cols: 3
   data: [876.53076171875, 0.0, 512.0, 0.0, 876.53076171875, 512.0, 0.0, 0.0, 1.0]
   dt: d
   rows: 3
dist_33:
   cols: 1
   data: [0.0, 0.0, 0.0, 0.0, 0.0]
   dt: d
   rows: 5
K_34:
   cols: 3
   data: [876.53076171875, 0.0, 512.0, 0.0, 876.53076171875, 512.0, 0.0, 0.0, 1.0]
   dt: d
   rows: 3
dist_34:
   cols: 1
   data: [0.0, 0.0, 0.0, 0.0, 0.0]
   dt: d
   rows: 5
K_35:
   cols: 3
   data: [876.53076171875, 0.0, 512.0, 0.0, 876.53076171875, 512.0, 0.0, 0.0, 1.0]
   dt: d
   rows: 3
dist_35:
   cols: 1
   data: [0.0, 0.0, 0.0, 0.0, 0.0]
   dt: d
   rows: 5
K_36:
   cols: 3
   data: [876.53076171875, 0.0, 512.0, 0.0, 876.53076171875, 512.0, 0.0, 0.0, 1.0]
   dt: d
   rows: 3
dist_36:
   cols: 1
   data: [0.0, 0.0, 0.0, 0.0, 0.0]
   dt: d
   rows: 5
K_37:
   cols: 3
   data: [876.53076171875, 0.0, 512.0, 0.0, 876.53076171875, 512.0, 0.0, 0.0, 1.0]
   dt: d
   rows: 3
dist_37:
   cols: 1
   data: [0.0, 0.0, 0.0, 0.0, 0.0]
   dt: d
   rows: 5
K_38:
   cols: 3
   data: [876.53076171875, 0.0, 512.0, 0.0, 876.53076171875, 512.0, 0.0, 0.0, 1.0]
   dt: d
   rows: 3
dist_38:
   cols: 1
   data: [0.0, 0.0, 0.0, 0.0, 0.0]
   dt: d
   rows: 5
