{
    "camera_angle_x": 1.057323829508797,
    "frames": [
        {
            "file_path": "./1/0001",
            "rotation": 0.012566370614359171,
            "transform_matrix": [
                [
                    2.2286940293270163e-08,
                    -1.0,
                    0.0,
                    4.48287309495754e-08
                ],
                [
                    -0.28734785318374634,
                    -2.2286940293270163e-08,
                    -0.9578262567520142,
                    0.7662610411643982
                ],
                [
                    0.9578262567520142,
                    0.0,
                    -0.2873478829860687,
                    2.329878091812134
                ],
                [
                    0.0,
                    0.0,
                    0.0,
                    1.0
                ]
            ]
        },
        {
            "file_path": "./2/0001",
            "rotation": 0.012566370614359171,
            "transform_matrix": [
                [
                    -1.6167135186151427e-07,
                    -1.0000001192092896,
                    3.58522527221794e-08,
                    -1.8720525929438736e-07
                ],
                [
                    -0.44721361994743347,
                    1.173555261857473e-07,
                    -0.8944273591041565,
                    0.7155418395996094
                ],
                [
                    0.8944273591041565,
                    -3.58522527221794e-08,
                    -0.44721347093582153,
                    2.457770824432373
                ],
                [
                    0.0,
                    0.0,
                    0.0,
                    1.0
                ]
            ]
        },
        {
            "file_path": "./3/0001",
            "rotation": 0.012566370614359171,
            "transform_matrix": [
                [
                    0.9129452109336853,
                    -0.40808215737342834,
                    -9.30693211387279e-09,
                    -1.030231544518756e-07
                ],
                [
                    -0.18249987065792084,
                    -0.40828144550323486,
                    -0.8944272398948669,
                    0.7155417203903198
                ],
                [
                    0.36499977111816406,
                    0.816563069820404,
                    -0.4472135007381439,
                    2.457770824432373
                ],
                [
                    0.0,
                    0.0,
                    0.0,
                    1.0
                ]
            ]
        },
        {
            "file_path": "./4/0001",
            "rotation": 0.012566370614359171,
            "transform_matrix": [
                [
                    0.745112955570221,
                    0.6669383645057678,
                    -6.905361971121238e-08,
                    7.161409598666069e-07
                ],
                [
                    0.2982637584209442,
                    -0.33322444558143616,
                    -0.894427478313446,
                    0.7155427932739258
                ],
                [
                    -0.5965278744697571,
                    0.6664495468139648,
                    -0.4472133219242096,
                    2.457770824432373
                ],
                [
                    0.0,
                    0.0,
                    0.0,
                    1.0
                ]
            ]
        },
        {
            "file_path": "./5/0001",
            "rotation": 0.012566370614359171,
            "transform_matrix": [
                [
                    -0.3048107326030731,
                    0.952413022518158,
                    -1.97028100501484e-07,
                    1.0424258789498708e-07
                ],
                [
                    0.4259321689605713,
                    0.13631537556648254,
                    -0.8944271802902222,
                    0.715541660785675
                ],
                [
                    -0.8518640398979187,
                    -0.2726310193538666,
                    -0.44721364974975586,
                    2.457771062850952
                ],
                [
                    0.0,
                    0.0,
                    0.0,
                    1.0
                ]
            ]
        },
        {
            "file_path": "./6/0001",
            "rotation": 0.012566370614359171,
            "transform_matrix": [
                [
                    -0.9938887357711792,
                    0.11038711667060852,
                    9.330919681360683e-08,
                    6.123885043507471e-08
                ],
                [
                    0.04936652630567551,
                    0.4444805085659027,
                    -0.8944272994995117,
                    0.7155421376228333
                ],
                [
                    -0.09873329102993011,
                    -0.888961136341095,
                    -0.4472135007381439,
                    2.457771062850952
                ],
                [
                    0.0,
                    0.0,
                    0.0,
                    1.0
                ]
            ]
        },
        {
            "file_path": "./7/0001",
            "rotation": 0.012566370614359171,
            "transform_matrix": [
                [
                    -0.5063655972480774,
                    -0.8623188138008118,
                    2.0222477914444426e-08,
                    3.224579643301695e-07
                ],
                [
                    -0.38564062118530273,
                    0.2264535129070282,
                    -0.8944272398948669,
                    0.7155422568321228
                ],
                [
                    0.7712814807891846,
                    -0.4529072344303131,
                    -0.4472135007381439,
                    2.457770824432373
                ],
                [
                    0.0,
                    0.0,
                    0.0,
                    1.0
                ]
            ]
        },
        {
            "file_path": "./8/0001",
            "rotation": 0.012566370614359171,
            "transform_matrix": [
                [
                    0.5806109309196472,
                    -0.8141811490058899,
                    1.2250559677795536e-07,
                    -6.302879569375364e-07
                ],
                [
                    -0.3641126751899719,
                    -0.2596571147441864,
                    -0.8944272994995117,
                    0.715542197227478
                ],
                [
                    0.728225827217102,
                    0.5193142294883728,
                    -0.44721341133117676,
                    2.457770586013794
                ],
                [
                    0.0,
                    0.0,
                    0.0,
                    1.0
                ]
            ]
        },
        {
            "file_path": "./9/0001",
            "rotation": 0.012566370614359171,
            "transform_matrix": [
                [
                    0.9802396297454834,
                    0.19781365990638733,
                    -5.5149158129097486e-08,
                    1.2571487673085358e-07
                ],
                [
                    0.08846485614776611,
                    -0.43837615847587585,
                    -0.894427478313446,
                    0.7155425548553467
                ],
                [
                    -0.17692996561527252,
                    0.8767532706260681,
                    -0.44721323251724243,
                    2.457770824432373
                ],
                [
                    0.0,
                    0.0,
                    0.0,
                    1.0
                ]
            ]
        },
        {
            "file_path": "./10/0001",
            "rotation": 0.012566370614359171,
            "transform_matrix": [
                [
                    0.21942491829395294,
                    0.9756295680999756,
                    -8.167234000211465e-08,
                    7.08284460415598e-07
                ],
                [
                    0.4363147020339966,
                    -0.0981297418475151,
                    -0.8944274187088013,
                    0.7155424356460571
                ],
                [
                    -0.8726296424865723,
                    0.1962597668170929,
                    -0.44721338152885437,
                    2.457770824432373
                ],
                [
                    0.0,
                    0.0,
                    0.0,
                    1.0
                ]
            ]
        },
        {
            "file_path": "./11/0001",
            "rotation": 0.012566370614359171,
            "transform_matrix": [
                [
                    -0.8011527061462402,
                    0.5984601378440857,
                    -5.713801698448151e-08,
                    -1.983778474823339e-08
                ],
                [
                    0.2676396071910858,
                    0.35828641057014465,
                    -0.8944272398948669,
                    0.7155417203903198
                ],
                [
                    -0.5352789759635925,
                    -0.7165727019309998,
                    -0.44721361994743347,
                    2.457770824432373
                ],
                [
                    0.0,
                    0.0,
                    0.0,
                    1.0
                ]
            ]
        },
        {
            "file_path": "./12/0001",
            "rotation": 0.012566370614359171,
            "transform_matrix": [
                [
                    -0.8732977509498596,
                    -0.4871877431869507,
                    1.3041283608572485e-08,
                    -1.4189002683906438e-07
                ],
                [
                    -0.2178770899772644,
                    0.3905509114265442,
                    -0.8944272994995117,
                    0.7155415415763855
                ],
                [
                    0.4357539117336273,
                    -0.7811009883880615,
                    -0.44721364974975586,
                    2.457770824432373
                ],
                [
                    0.0,
                    0.0,
                    0.0,
                    1.0
                ]
            ]
        },
        {
            "file_path": "./13/0001",
            "rotation": 0.012566370614359171,
            "transform_matrix": [
                [
                    0.08839855343103409,
                    -0.9960851669311523,
                    1.0387523730059911e-07,
                    -2.700614345485519e-07
                ],
                [
                    -0.44546282291412354,
                    -0.03953312709927559,
                    -0.8944271802902222,
                    0.7155419588088989
                ],
                [
                    0.8909256458282471,
                    0.07906602323055267,
                    -0.4472135901451111,
                    2.457770347595215
                ],
                [
                    0.0,
                    0.0,
                    0.0,
                    1.0
                ]
            ]
        },
        {
            "file_path": "./14/0001",
            "rotation": 0.012566370614359171,
            "transform_matrix": [
                [
                    0.9454451203346252,
                    -0.3257814943790436,
                    2.931507481207518e-09,
                    -1.839122631963619e-07
                ],
                [
                    -0.14569388329982758,
                    -0.4228156507015228,
                    -0.894427478313446,
                    0.7155425548553467
                ],
                [
                    0.2913878560066223,
                    0.8456320762634277,
                    -0.447213351726532,
                    2.457770586013794
                ],
                [
                    0.0,
                    0.0,
                    0.0,
                    1.0
                ]
            ]
        },
        {
            "file_path": "./15/0001",
            "rotation": 0.012566370614359171,
            "transform_matrix": [
                [
                    0.6832396388053894,
                    0.7301942110061646,
                    -9.918080223769721e-08,
                    1.7249013239961641e-07
                ],
                [
                    0.3265526294708252,
                    -0.30555403232574463,
                    -0.8944272994995117,
                    0.7155420780181885
                ],
                [
                    -0.653105616569519,
                    0.611108124256134,
                    -0.44721344113349915,
                    2.457770347595215
                ],
                [
                    0.0,
                    0.0,
                    0.0,
                    1.0
                ]
            ]
        },
        {
            "file_path": "./16/0001",
            "rotation": 0.012566370614359171,
            "transform_matrix": [
                [
                    -0.38780954480171204,
                    0.9217395186424255,
                    -7.021702685960918e-08,
                    1.817224983824417e-07
                ],
                [
                    0.412214457988739,
                    0.17343363165855408,
                    -0.8944271802902222,
                    0.7155420780181885
                ],
                [
                    -0.8244288563728333,
                    -0.3468674421310425,
                    -0.4472135901451111,
                    2.457770586013794
                ],
                [
                    0.0,
                    0.0,
                    0.0,
                    1.0
                ]
            ]
        },
        {
            "file_path": "./17/0001",
            "rotation": 0.012566370614359171,
            "transform_matrix": [
                [
                    -0.9997562170028687,
                    0.0220966599881649,
                    -3.464158027099984e-08,
                    6.42216946289409e-10
                ],
                [
                    0.009881960228085518,
                    0.4471047818660736,
                    -0.8944272994995117,
                    0.7155415415763855
                ],
                [
                    -0.01976383663713932,
                    -0.8942089080810547,
                    -0.4472135901451111,
                    2.457770824432373
                ],
                [
                    0.0,
                    0.0,
                    0.0,
                    1.0
                ]
            ]
        },
        {
            "file_path": "./18/0001",
            "rotation": 0.012566370614359171,
            "transform_matrix": [
                [
                    -0.42815545201301575,
                    -0.9037050604820251,
                    8.384548522144541e-08,
                    -8.621509550721385e-08
                ],
                [
                    -0.40414926409721375,
                    0.19147689640522003,
                    -0.8944271802902222,
                    0.7155416011810303
                ],
                [
                    0.8082983493804932,
                    -0.3829539120197296,
                    -0.44721364974975586,
                    2.457770586013794
                ],
                [
                    0.0,
                    0.0,
                    0.0,
                    1.0
                ]
            ]
        },
        {
            "file_path": "./19/0001",
            "rotation": 0.012566370614359171,
            "transform_matrix": [
                [
                    0.650310754776001,
                    -0.7596683502197266,
                    5.932403013275689e-09,
                    1.0889196033758708e-07
                ],
                [
                    -0.3397340178489685,
                    -0.29082781076431274,
                    -0.8944271802902222,
                    0.715541660785675
                ],
                [
                    0.6794679760932922,
                    0.5816556215286255,
                    -0.44721361994743347,
                    2.457770586013794
                ],
                [
                    0.0,
                    0.0,
                    0.0,
                    1.0
                ]
            ]
        },
        {
            "file_path": "./20/0001",
            "rotation": 0.012566370614359171,
            "transform_matrix": [
                [
                    -2.8757852987837396e-07,
                    -1.0000001192092896,
                    2.2543368061178626e-08,
                    -4.1752363699743e-07
                ],
                [
                    -0.3713906407356262,
                    1.9306357046389166e-07,
                    -0.928476870059967,
                    0.7427818179130554
                ],
                [
                    0.928476870059967,
                    -1.1705833458108827e-07,
                    -0.3713904619216919,
                    2.3971126079559326
                ],
                [
                    0.0,
                    0.0,
                    0.0,
                    1.0
                ]
            ]
        },
        {
            "file_path": "./21/0001",
            "rotation": 0.012566370614359171,
            "transform_matrix": [
                [
                    0.9129452109336853,
                    -0.40808212757110596,
                    -1.9540156159791877e-08,
                    -8.833739428837362e-08
                ],
                [
                    -0.15155792236328125,
                    -0.33905941247940063,
                    -0.9284766316413879,
                    0.7427811026573181
                ],
                [
                    0.37889471650123596,
                    0.8476483225822449,
                    -0.3713907301425934,
                    2.3971128463745117
                ],
                [
                    0.0,
                    0.0,
                    0.0,
                    1.0
                ]
            ]
        },
        {
            "file_path": "./22/0001",
            "rotation": 0.012566370614359171,
            "transform_matrix": [
                [
                    0.7451130151748657,
                    0.6669383645057678,
                    6.780734906897123e-08,
                    4.293115694053995e-07
                ],
                [
                    0.24769476056098938,
                    -0.2767278552055359,
                    -0.928476870059967,
                    0.7427817583084106
                ],
                [
                    -0.6192366480827332,
                    0.6918202638626099,
                    -0.37139058113098145,
                    2.3971128463745117
                ],
                [
                    0.0,
                    0.0,
                    0.0,
                    1.0
                ]
            ]
        },
        {
            "file_path": "./23/0001",
            "rotation": 0.012566370614359171,
            "transform_matrix": [
                [
                    -0.30481064319610596,
                    0.952413022518158,
                    -1.0606478184627122e-07,
                    1.079692850680658e-07
                ],
                [
                    0.35371726751327515,
                    0.11320372670888901,
                    -0.9284767508506775,
                    0.7427815794944763
                ],
                [
                    -0.8842933177947998,
                    -0.2830095887184143,
                    -0.37139058113098145,
                    2.3971126079559326
                ],
                [
                    0.0,
                    0.0,
                    0.0,
                    1.0
                ]
            ]
        },
        {
            "file_path": "./24/0001",
            "rotation": 0.012566370614359171,
            "transform_matrix": [
                [
                    -0.9938886761665344,
                    0.11038711667060852,
                    1.0647241310834943e-07,
                    5.529948055027489e-08
                ],
                [
                    0.040996648371219635,
                    0.3691210150718689,
                    -0.9284766912460327,
                    0.742781400680542
                ],
                [
                    -0.10249190032482147,
                    -0.9228024482727051,
                    -0.371390700340271,
                    2.3971123695373535
                ],
                [
                    0.0,
                    0.0,
                    0.0,
                    1.0
                ]
            ]
        },
        {
            "file_path": "./25/0001",
            "rotation": 0.012566370614359171,
            "transform_matrix": [
                [
                    -0.5063656568527222,
                    -0.8623188734054565,
                    -1.055882066225422e-07,
                    1.6682098191722616e-07
                ],
                [
                    -0.3202570974826813,
                    0.18805953860282898,
                    -0.9284767508506775,
                    0.7427815198898315
                ],
                [
                    0.8006430268287659,
                    -0.47014865279197693,
                    -0.37139061093330383,
                    2.3971126079559326
                ],
                [
                    0.0,
                    0.0,
                    0.0,
                    1.0
                ]
            ]
        },
        {
            "file_path": "./26/0001",
            "rotation": 0.012566370614359171,
            "transform_matrix": [
                [
                    0.5806111693382263,
                    -0.8141809701919556,
                    1.48800138877192e-10,
                    -2.35092389999636e-10
                ],
                [
                    -0.3023790717124939,
                    -0.21563348174095154,
                    -0.9284767508506775,
                    0.7427817583084106
                ],
                [
                    0.7559481263160706,
                    0.5390840172767639,
                    -0.37139052152633667,
                    2.3971126079559326
                ],
                [
                    0.0,
                    0.0,
                    0.0,
                    1.0
                ]
            ]
        },
        {
            "file_path": "./27/0001",
            "rotation": 0.012566370614359171,
            "transform_matrix": [
                [
                    0.9802396297454834,
                    0.19781360030174255,
                    -6.459344170650638e-09,
                    6.9809892977446e-08
                ],
                [
                    0.07346609234809875,
                    -0.3640517294406891,
                    -0.9284767508506775,
                    0.7427813410758972
                ],
                [
                    -0.18366533517837524,
                    0.910129725933075,
                    -0.37139052152633667,
                    2.3971123695373535
                ],
                [
                    0.0,
                    0.0,
                    0.0,
                    1.0
                ]
            ]
        },
        {
            "file_path": "./28/0001",
            "rotation": 0.012566370614359171,
            "transform_matrix": [
                [
                    0.21942538022994995,
                    0.9756292700767517,
                    -1.9064185607930995e-07,
                    6.278040132201568e-08
                ],
                [
                    0.36233970522880554,
                    -0.08149274438619614,
                    -0.9284766316413879,
                    0.7427810430526733
                ],
                [
                    -0.905849039554596,
                    0.20373126864433289,
                    -0.37139081954956055,
                    2.3971128463745117
                ],
                [
                    0.0,
                    0.0,
                    0.0,
                    1.0
                ]
            ]
        },
        {
            "file_path": "./29/0001",
            "rotation": 0.012566370614359171,
            "transform_matrix": [
                [
                    -0.8011525869369507,
                    0.5984601378440857,
                    -8.692312292168936e-08,
                    -4.148230914324813e-08
                ],
                [
                    0.22226259112358093,
                    0.297540545463562,
                    -0.9284766912460327,
                    0.742781400680542
                ],
                [
                    -0.5556562542915344,
                    -0.7438514828681946,
                    -0.3713906705379486,
                    2.3971128463745117
                ],
                [
                    0.0,
                    0.0,
                    0.0,
                    1.0
                ]
            ]
        },
        {
            "file_path": "./30/0001",
            "rotation": 0.012566370614359171,
            "transform_matrix": [
                [
                    -0.8732972741127014,
                    -0.4871877133846283,
                    -2.5247821611174004e-08,
                    2.1870349087294016e-07
                ],
                [
                    -0.18093697726726532,
                    0.3243345320224762,
                    -0.9284766316413879,
                    0.7427817583084106
                ],
                [
                    0.4523424208164215,
                    -0.810836136341095,
                    -0.3713907301425934,
                    2.3971126079559326
                ],
                [
                    0.0,
                    0.0,
                    0.0,
                    1.0
                ]
            ]
        },
        {
            "file_path": "./31/0001",
            "rotation": 0.012566370614359171,
            "transform_matrix": [
                [
                    0.08839865773916245,
                    -0.9960851669311523,
                    2.2677131283899143e-08,
                    2.3776586033363856e-08
                ],
                [
                    -0.3699367642402649,
                    -0.032830461859703064,
                    -0.9284766912460327,
                    0.7427812814712524
                ],
                [
                    0.9248418807983398,
                    0.08207608014345169,
                    -0.371390700340271,
                    2.3971126079559326
                ],
                [
                    0.0,
                    0.0,
                    0.0,
                    1.0
                ]
            ]
        },
        {
            "file_path": "./32/0001",
            "rotation": 0.012566370614359171,
            "transform_matrix": [
                [
                    0.94544517993927,
                    -0.32578131556510925,
                    3.414682936409008e-08,
                    -1.1355390938661003e-07
                ],
                [
                    -0.12099205702543259,
                    -0.35112935304641724,
                    -0.9284767508506775,
                    0.7427815198898315
                ],
                [
                    0.30248039960861206,
                    0.8778238296508789,
                    -0.37139052152633667,
                    2.3971126079559326
                ],
                [
                    0.0,
                    0.0,
                    0.0,
                    1.0
                ]
            ]
        },
        {
            "file_path": "./33/0001",
            "rotation": 0.012566370614359171,
            "transform_matrix": [
                [
                    0.6832396388053894,
                    0.7301942110061646,
                    -1.596097831679799e-08,
                    8.482172120238829e-08
                ],
                [
                    0.2711872160434723,
                    -0.2537487745285034,
                    -0.9284766912460327,
                    0.7427816987037659
                ],
                [
                    -0.6779683232307434,
                    0.6343721151351929,
                    -0.37139058113098145,
                    2.3971121311187744
                ],
                [
                    0.0,
                    0.0,
                    0.0,
                    1.0
                ]
            ]
        },
        {
            "file_path": "./34/0001",
            "rotation": 0.012566370614359171,
            "transform_matrix": [
                [
                    -0.3878093659877777,
                    0.9217396378517151,
                    -1.3996046988040689e-08,
                    -1.5670129016598366e-07
                ],
                [
                    0.3423255383968353,
                    0.14402879774570465,
                    -0.9284766912460327,
                    0.742781400680542
                ],
                [
                    -0.85581374168396,
                    -0.36007195711135864,
                    -0.371390700340271,
                    2.3971126079559326
                ],
                [
                    0.0,
                    0.0,
                    0.0,
                    1.0
                ]
            ]
        },
        {
            "file_path": "./35/0001",
            "rotation": 0.012566370614359171,
            "transform_matrix": [
                [
                    -0.9997557997703552,
                    0.022096652537584305,
                    -3.262814729509955e-08,
                    -1.5505342787491827e-08
                ],
                [
                    0.008206523023545742,
                    0.3713000416755676,
                    -0.9284766316413879,
                    0.7427813410758972
                ],
                [
                    -0.02051621489226818,
                    -0.9282499551773071,
                    -0.3713907301425934,
                    2.3971126079559326
                ],
                [
                    0.0,
                    0.0,
                    0.0,
                    1.0
                ]
            ]
        },
        {
            "file_path": "./36/0001",
            "rotation": 0.012566370614359171,
            "transform_matrix": [
                [
                    -0.42815542221069336,
                    -0.9037051200866699,
                    -2.7001192393072415e-08,
                    -1.361541990263504e-07
                ],
                [
                    -0.33562755584716797,
                    0.15901291370391846,
                    -0.9284767508506775,
                    0.7427816390991211
                ],
                [
                    0.8390691876411438,
                    -0.39753231406211853,
                    -0.37139055132865906,
                    2.3971126079559326
                ],
                [
                    0.0,
                    0.0,
                    0.0,
                    1.0
                ]
            ]
        },
        {
            "file_path": "./37/0001",
            "rotation": 0.012566370614359171,
            "transform_matrix": [
                [
                    0.6503108143806458,
                    -0.7596682906150818,
                    -1.3309914947967627e-08,
                    3.190518214069016e-07
                ],
                [
                    -0.28213372826576233,
                    -0.24151937663555145,
                    -0.9284766912460327,
                    0.7427815198898315
                ],
                [
                    0.7053342461585999,
                    0.6037983894348145,
                    -0.371390700340271,
                    2.3971123695373535
                ],
                [
                    0.0,
                    0.0,
                    0.0,
                    1.0
                ]
            ]
        },
        {
            "file_path": "./38/0001",
            "rotation": 0.012566370614359171,
            "transform_matrix": [
                [
                    2.2286940293270163e-08,
                    -1.0,
                    0.0,
                    4.48287309495754e-08
                ],
                [
                    -0.28734785318374634,
                    -2.2286940293270163e-08,
                    -0.9578262567520142,
                    0.7662610411643982
                ],
                [
                    0.9578262567520142,
                    0.0,
                    -0.2873478829860687,
                    2.329878091812134
                ],
                [
                    0.0,
                    0.0,
                    0.0,
                    1.0
                ]
            ]
        },
        {
            "file_path": "./39/0001",
            "rotation": 0.012566370614359171,
            "transform_matrix": [
                [
                    0.9129452109336853,
                    -0.40808212757110596,
                    -3.506951173903872e-08,
                    -6.999165691468079e-08
                ],
                [
                    -0.11726155877113342,
                    -0.26233285665512085,
                    -0.9578263163566589,
                    0.7662611603736877
                ],
                [
                    0.3908717632293701,
                    0.8744429349899292,
                    -0.28734785318374634,
                    2.329878330230713
                ],
                [
                    0.0,
                    0.0,
                    0.0,
                    1.0
                ]
            ]
        },
        {
            "file_path": "./40/0001",
            "rotation": 0.012566370614359171,
            "transform_matrix": [
                [
                    0.745112955570221,
                    0.666938304901123,
                    7.030104143268545e-08,
                    3.7817451925548085e-07
                ],
                [
                    0.19164331257343292,
                    -0.21410639584064484,
                    -0.9578264951705933,
                    0.7662618160247803
                ],
                [
                    -0.6388110518455505,
                    0.7136889696121216,
                    -0.287347674369812,
                    2.329878330230713
                ],
                [
                    0.0,
                    0.0,
                    0.0,
                    1.0
                ]
            ]
        },
        {
            "file_path": "./41/0001",
            "rotation": 0.012566370614359171,
            "transform_matrix": [
                [
                    -0.30481091141700745,
                    0.9524129629135132,
                    -2.9680455781999626e-07,
                    4.165446227943903e-07
                ],
                [
                    0.2736738622188568,
                    0.08758651465177536,
                    -0.9578263759613037,
                    0.7662613987922668
                ],
                [
                    -0.9122461676597595,
                    -0.2919559180736542,
                    -0.2873477637767792,
                    2.329878330230713
                ],
                [
                    0.0,
                    0.0,
                    0.0,
                    1.0
                ]
            ]
        },
        {
            "file_path": "./42/0001",
            "rotation": 0.012566370614359171,
            "transform_matrix": [
                [
                    -0.9938890933990479,
                    0.11038714647293091,
                    1.1960632662066928e-07,
                    1.3016402533594373e-07
                ],
                [
                    0.03171941265463829,
                    0.2855921983718872,
                    -0.9578264355659485,
                    0.7662608027458191
                ],
                [
                    -0.10573174059391022,
                    -0.9519728422164917,
                    -0.28734785318374634,
                    2.329878568649292
                ],
                [
                    0.0,
                    0.0,
                    0.0,
                    1.0
                ]
            ]
        },
        {
            "file_path": "./43/0001",
            "rotation": 0.012566370614359171,
            "transform_matrix": [
                [
                    -0.506365954875946,
                    -0.8623189926147461,
                    -1.079630180811364e-07,
                    -2.729534287482238e-08
                ],
                [
                    -0.24778543412685394,
                    0.14550337195396423,
                    -0.9578264355659485,
                    0.7662609219551086
                ],
                [
                    0.8259518146514893,
                    -0.4850104749202728,
                    -0.2873477041721344,
                    2.329878568649292
                ],
                [
                    0.0,
                    0.0,
                    0.0,
                    1.0
                ]
            ]
        },
        {
            "file_path": "./44/0001",
            "rotation": 0.012566370614359171,
            "transform_matrix": [
                [
                    0.5806111693382263,
                    -0.8141810297966003,
                    1.610412425634422e-08,
                    -1.418103039441121e-07
                ],
                [
                    -0.2339531034231186,
                    -0.16683730483055115,
                    -0.9578263759613037,
                    0.7662612199783325
                ],
                [
                    0.7798439860343933,
                    0.5561246871948242,
                    -0.2873477339744568,
                    2.329878330230713
                ],
                [
                    0.0,
                    0.0,
                    0.0,
                    1.0
                ]
            ]
        },
        {
            "file_path": "./45/0001",
            "rotation": 0.012566370614359171,
            "transform_matrix": [
                [
                    0.9802396297454834,
                    0.19781361520290375,
                    -5.646817768933943e-08,
                    1.0905147007633786e-07
                ],
                [
                    0.056841280311346054,
                    -0.28166985511779785,
                    -0.9578262567520142,
                    0.7662606239318848
                ],
                [
                    -0.18947109580039978,
                    0.9388992786407471,
                    -0.2873479425907135,
                    2.329878091812134
                ],
                [
                    0.0,
                    0.0,
                    0.0,
                    1.0
                ]
