{
    "camera_angle_x": 1.057323829508797,
    "frames": [
        {
            "file_path": "./1/0001",
            "rotation": 0.012566370614359171,
            "transform_matrix": [
                [
                    6.404105525107537e-09,
                    -0.2873479015439971,
                    0.9578263186117741,
                    -2.0114350532811334
                ],
                [
                    -0.9999999999999999,
                    -6.4041055251075376e-09,
                    2.1347017974223376e-08,
                    -1.9866919070068444e-15
                ],
                [
                    2.1347017974223376e-08,
                    -0.9578263186117743,
                    -0.28734787174167326,
                    1.4034305032538874
                ],
                [
                    0.0,
                    0.0,
                    0.0,
                    1.0
                ]
            ]
        },
        {
            "file_path": "./2/0001",
            "rotation": 0.012566370614359171,
            "transform_matrix": [
                [
                    -8.455017620027712e-08,
                    -0.4472133564758076,
                    0.8944271301840152,
                    -1.878297037360849
                ],
                [
                    -0.9999998807907142,
                    4.023435560272883e-08,
                    -1.606368357485673e-07,
                    1.7881392643110038e-07
                ],
                [
                    -8.89323442764866e-08,
                    -0.8944271301840252,
                    -0.44721350548739913,
                    1.7391483401987167
                ],
                [
                    0.0,
                    0.0,
                    0.0,
                    1.0
                ]
            ]
        },
        {
            "file_path": "./3/0001",
            "rotation": 0.012566370614359171,
            "transform_matrix": [
                [
                    0.9129452138104165,
                    -0.1824998550969453,
                    0.3649997884890157,
                    -0.7664994767307418
                ],
                [
                    -0.40808213786853026,
                    -0.4082814143476761,
                    0.8165630548510189,
                    -1.7147825089383855
                ],
                [
                    -2.046578431361626e-08,
                    -0.8944272248704968,
                    -0.44721352473068915,
                    1.739148348622426
                ],
                [
                    0.0,
                    0.0,
                    0.0,
                    1.0
                ]
            ]
        },
        {
            "file_path": "./4/0001",
            "rotation": 0.012566370614359171,
            "transform_matrix": [
                [
                    0.7451129484525242,
                    0.29826357526227953,
                    -0.5965278221129349,
                    1.2527077917704144
                ],
                [
                    0.666938224605696,
                    -0.33322436928747556,
                    0.6664492573644691,
                    -1.3995437223498919
                ],
                [
                    7.638658521451719e-08,
                    -0.8944272159892285,
                    -0.44721324446980176,
                    1.7391486130667198
                ],
                [
                    0.0,
                    0.0,
                    0.0,
                    1.0
                ]
            ]
        },
        {
            "file_path": "./5/0001",
            "rotation": 0.012566370614359171,
            "transform_matrix": [
                [
                    -0.30481064680039266,
                    0.4259320964870312,
                    -0.8518639451477146,
                    1.7889144259421002
                ],
                [
                    0.9524128944028917,
                    0.13631533281520167,
                    -0.27263104889699097,
                    0.5725253038986011
                ],
                [
                    -1.5486903581706024e-07,
                    -0.8944271374508082,
                    -0.4472136697676846,
                    1.7391486958497415
                ],
                [
                    0.0,
                    0.0,
                    0.0,
                    1.0
                ]
            ]
        },
        {
            "file_path": "./6/0001",
            "rotation": 0.012566370614359171,
            "transform_matrix": [
                [
                    -0.9938886014352557,
                    0.04936651643013681,
                    -0.09873327312877027,
                    0.20734001980763364
                ],
                [
                    0.11038710666281461,
                    0.44448038450777555,
                    -0.8889610421856247,
                    1.8668182742635606
                ],
                [
                    1.0008744349319611e-07,
                    -0.8944271710647678,
                    -0.447213513132843,
                    1.7391487614254373
                ],
                [
                    0.0,
                    0.0,
                    0.0,
                    1.0
                ]
            ]
        },
        {
            "file_path": "./7/0001",
            "rotation": 0.012566370614359171,
            "transform_matrix": [
                [
                    -0.5063656801268861,
                    -0.38564065832774785,
                    0.7712814993510738,
                    -1.6196908162618167
                ],
                [
                    -0.8623189336193513,
                    0.22645353558857104,
                    -0.4529072308971765,
                    0.9511053824124851
                ],
                [
                    2.6460180376208245e-08,
                    -0.8944272520344567,
                    -0.4472134704027539,
                    1.7391487143419195
                ],
                [
                    0.0,
                    0.0,
                    0.0,
                    1.0
                ]
            ]
        },
        {
            "file_path": "./8/0001",
            "rotation": 0.012566370614359171,
            "transform_matrix": [
                [
                    0.5806109656956236,
                    -0.36411266406576015,
                    0.7282258754105926,
                    -1.5292737949222366
                ],
                [
                    -0.8141811285052217,
                    -0.25965708328340226,
                    0.519314220394351,
                    -1.0905601290541969
                ],
                [
                    1.238141602270228e-07,
                    -0.8944272555140699,
                    -0.44721343364112304,
                    1.7391484665441423
                ],
                [
                    0.0,
                    0.0,
                    0.0,
                    1.0
                ]
            ]
        },
        {
            "file_path": "./9/0001",
            "rotation": 0.012566370614359171,
            "transform_matrix": [
                [
                    0.980239658196073,
                    0.08846482189859384,
                    -0.17692996511803488,
                    0.37155283832809266
                ],
                [
                    0.19781364141666719,
                    -0.4383760637729877,
                    0.8767530964081539,
                    -1.8411814767912675
                ],
                [
                    -2.6682668574357763e-08,
                    -0.8944273033298632,
                    -0.447213159195289,
                    1.739148252729443
                ],
                [
                    0.0,
                    0.0,
                    0.0,
                    1.0
                ]
            ]
        },
        {
            "file_path": "./10/0001",
            "rotation": 0.012566370614359171,
            "transform_matrix": [
                [
                    0.21942494944780216,
                    0.4363143816800671,
                    -0.8726294431048884,
                    1.8325215750138233
                ],
                [
                    0.9756292034583257,
                    -0.09812978586435515,
                    0.19625953742066105,
                    -0.41214563012529154
                ],
                [
                    1.0013431877538144e-07,
                    -0.8944271533676553,
                    -0.44721342931777,
                    1.7391487027001549
                ],
                [
                    0.0,
                    0.0,
                    0.0,
                    1.0
                ]
            ]
        },
        {
            "file_path": "./11/0001",
            "rotation": 0.012566370614359171,
            "transform_matrix": [
                [
                    -0.8011525323367894,
                    0.2676395073601749,
                    -0.5352789123615106,
                    1.124085644302005
                ],
                [
                    0.5984600444278434,
                    0.35828629331920875,
                    -0.7165726631003557,
                    1.5048026061120865
                ],
                [
                    -5.351699782559147e-08,
                    -0.8944270944672029,
                    -0.4472136663280059,
                    1.739148603327184
                ],
                [
                    0.0,
                    0.0,
                    0.0,
                    1.0
                ]
            ]
        },
        {
            "file_path": "./12/0001",
            "rotation": 0.012566370614359171,
            "transform_matrix": [
                [
                    -0.87329697422277,
                    -0.21787682633361616,
                    0.4357536272008506,
                    -0.9150827552984366
                ],
                [
                    -0.48718737246404514,
                    0.3905503236023561,
                    -0.7811006614116772,
                    1.6403113668218345
                ],
                [
                    -7.705682606642475e-08,
                    -0.8944269106184127,
                    -0.44721388501400994,
                    1.7391488493197798
                ],
                [
                    0.0,
                    0.0,
                    0.0,
                    1.0
                ]
            ]
        },
        {
            "file_path": "./13/0001",
            "rotation": 0.012566370614359171,
            "transform_matrix": [
                [
                    0.08839855734040018,
                    -0.4454628427225879,
                    0.890925705977694,
                    -1.8709434031309669
                ],
                [
                    -0.996085202696614,
                    -0.03953312941513985,
                    0.0790660274674833,
                    -0.16603879395637314
                ],
                [
                    1.0288766293183244e-07,
                    -0.8944271976261525,
                    -0.4472136090216954,
                    1.7391485362959618
                ],
                [
                    0.0,
                    0.0,
                    0.0,
                    1.0
                ]
            ]
        },
        {
            "file_path": "./14/0001",
            "rotation": 0.012566370614359171,
            "transform_matrix": [
                [
                    0.9454450736050838,
                    -0.1456937858987388,
                    0.2913878304300106,
                    -0.6119141610857805
                ],
                [
                    -0.3257814530501778,
                    -0.42281554950077915,
                    0.8456318294537826,
                    -1.7758265784213894
                ],
                [
                    -7.508972954774014e-08,
                    -0.8944272110013491,
                    -0.44721322464324265,
                    1.7391482408965748
                ],
                [
                    0.0,
                    0.0,
                    0.0,
                    1.0
                ]
            ]
        },
        {
            "file_path": "./15/0001",
            "rotation": 0.012566370614359171,
            "transform_matrix": [
                [
                    0.6832396532934374,
                    0.32655260220924825,
                    -0.6531056606047404,
                    1.3715214810617646
                ],
                [
                    0.7301942113887318,
                    -0.30555401197577153,
                    0.6111081470825039,
                    -1.2833268563485918
                ],
                [
                    -8.981058307032615e-08,
                    -0.8944272263192034,
                    -0.4472134622285754,
                    1.7391483026672883
                ],
                [
                    0.0,
                    0.0,
                    0.0,
                    1.0
                ]
            ]
        },
        {
            "file_path": "./16/0001",
            "rotation": 0.012566370614359171,
            "transform_matrix": [
                [
                    -0.3878095637031407,
                    0.4122144832644426,
                    -0.8244289056388873,
                    1.7313003770682882
                ],
                [
                    0.9217395288441779,
                    0.1734336491798534,
                    -0.3468674430820736,
                    0.7284213576196945
                ],
                [
                    -8.404714302134236e-08,
                    -0.8944272045907634,
                    -0.44721359509248443,
                    1.7391487202926805
                ],
                [
                    0.0,
                    0.0,
                    0.0,
                    1.0
                ]
            ]
        },
        {
            "file_path": "./17/0001",
            "rotation": 0.012566370614359171,
            "transform_matrix": [
                [
                    -0.9997554613145343,
                    0.009881950383016796,
                    -0.019763825958179985,
                    0.04150400945038868
                ],
                [
                    0.022096645759298077,
                    0.44710423894211143,
                    -0.8942085987759905,
                    1.8778381486360174
                ],
                [
                    -3.0996749169291855e-08,
                    -0.89442697487362,
                    -0.4472138161082576,
                    1.7391487259425131
                ],
                [
                    0.0,
                    0.0,
                    0.0,
                    1.0
                ]
            ]
        },
        {
            "file_path": "./18/0001",
            "rotation": 0.012566370614359171,
            "transform_matrix": [
                [
                    -0.4281554893743291,
                    -0.4041492893653971,
                    0.8082983907283608,
                    -1.6974264167392246
                ],
                [
                    -0.9037051230845876,
                    0.19147690351872676,
                    -0.38295392542777756,
                    0.8042031256689127
                ],
                [
                    8.241708764364628e-08,
                    -0.8944271557567524,
                    -0.4472136331558538,
                    1.739148352404809
                ],
                [
                    0.0,
                    0.0,
                    0.0,
                    1.0
                ]
            ]
        },
        {
            "file_path": "./19/0001",
            "rotation": 0.012566370614359171,
            "transform_matrix": [
                [
                    0.6503107249971282,
                    -0.3397340134769092,
                    0.6794679903005969,
                    -1.4268826712836715
                ],
                [
                    -0.7596682702672422,
                    -0.2908278171249977,
                    0.5816555854112614,
                    -1.2214764870243717
                ],
                [
                    -1.7334687512293632e-08,
                    -0.8944271807327283,
                    -0.4472136130062441,
                    1.7391483740650502
                ],
                [
                    0.0,
                    0.0,
                    0.0,
                    1.0
                ]
            ]
        },
        {
            "file_path": "./20/0001",
            "rotation": 0.012566370614359171,
            "transform_matrix": [
                [
                    -1.8038785995070624e-07,
                    -0.3713903728427483,
                    0.9284766473624256,
                    -1.9498010612896564
                ],
                [
                    -0.9999998807906759,
                    8.587289639855059e-08,
                    -2.753823103471992e-07,
                    1.7881399482021039e-07
                ],
                [
                    -1.3578064098974305e-07,
                    -0.9284766473624636,
                    -0.3713905516566926,
                    1.5799205458696197
                ],
                [
                    0.0,
                    0.0,
                    0.0,
                    1.0
                ]
            ]
        },
        {
            "file_path": "./21/0001",
            "rotation": 0.012566370614359171,
            "transform_matrix": [
                [
                    0.9129452346515013,
                    -0.15155794459903252,
                    0.37889473441268035,
                    -0.7956789774313457
                ],
                [
                    -0.4080821210460025,
                    -0.339059400571153,
                    0.8476483460472252,
                    -1.7800618601442524
                ],
                [
                    1.3031727628816198e-09,
                    -0.9284766921076494,
                    -0.3713907676193041,
                    1.5799205212404643
                ],
                [
                    0.0,
                    0.0,
                    0.0,
                    1.0
                ]
            ]
        },
        {
            "file_path": "./22/0001",
            "rotation": 0.012566370614359171,
            "transform_matrix": [
                [
                    0.7451129514747689,
                    0.24769458036422184,
                    -0.6192365931384436,
                    1.3003966565453386
                ],
                [
                    0.6669381546380206,
                    -0.2767278094684036,
                    0.691819956323736,
                    -1.4528224221163715
                ],
                [
                    2.2512000486083319e-07,
                    -0.928476610277684,
                    -0.3713905251593541,
                    1.5799204880114583
                ],
                [
                    0.0,
                    0.0,
                    0.0,
                    1.0
                ]
            ]
        },
        {
            "file_path": "./23/0001",
            "rotation": 0.012566370614359171,
            "transform_matrix": [
                [
                    -0.3048105873203482,
                    0.3537172165633468,
                    -0.8842932381992403,
                    1.8570158705144464
                ],
                [
                    0.9524129420527736,
                    0.11320369552115771,
                    -0.2830096016413939,
                    0.5943201616720096
                ],
                [
                    -7.932338525824009e-08,
                    -0.9284767030351205,
                    -0.37139059128898094,
                    1.5799204608592843
                ],
                [
                    0.0,
                    0.0,
                    0.0,
                    1.0
                ]
            ]
        },
        {
            "file_path": "./24/0001",
            "rotation": 0.012566370614359171,
            "transform_matrix": [
                [
                    -0.9938886603703238,
                    0.04099664966519974,
                    -0.10249190251712394,
                    0.21523311340121454
                ],
                [
                    0.11038711269140097,
                    0.36912101655617935,
                    -0.9228024505036562,
                    1.9378849369391213
                ],
                [
                    1.0679660453570302e-07,
                    -0.9284766743005561,
                    -0.37139069292772936,
                    1.5799204285842816
                ],
                [
                    0.0,
                    0.0,
                    0.0,
                    1.0
                ]
            ]
        },
        {
            "file_path": "./25/0001",
            "rotation": 0.012566370614359171,
            "transform_matrix": [
                [
                    -0.5063656173765416,
                    -0.320257068949885,
                    0.8006430090802373,
                    -1.681350334635545
                ],
                [
                    -0.8623188758618859,
                    0.18805952660678205,
                    -0.4701486845369794,
                    0.9873123421676236
                ],
                [
                    -1.1528243343353324e-07,
                    -0.9284766818947559,
                    -0.3713906143375744,
                    1.5799204450651725
                ],
                [
                    0.0,
                    0.0,
                    0.0,
                    1.0
                ]
            ]
        },
        {
            "file_path": "./26/0001",
            "rotation": 0.012566370614359171,
            "transform_matrix": [
                [
                    0.5806112000978609,
                    -0.3023790909205068,
                    0.7559480915011441,
                    -1.5874910281314873
                ],
                [
                    -0.8141809701398737,
                    -0.21563348214777206,
                    0.5390839645966383,
                    -1.1320763514529917
                ],
                [
                    1.7738930130591076e-09,
                    -0.9284767678424966,
                    -0.3713904888751418,
                    1.5799204295240796
                ],
                [
                    0.0,
                    0.0,
                    0.0,
                    1.0
                ]
            ]
        },
        {
            "file_path": "./27/0001",
            "rotation": 0.012566370614359171,
            "transform_matrix": [
                [
                    0.980239676783603,
                    0.0734660921262198,
                    -0.18366533579376068,
                    0.3856971374229096
                ],
                [
                    0.19781360891323882,
                    -0.3640517175368845,
                    0.9101297286030472,
                    -1.911272421154355
                ],
                [
                    -8.415842455695366e-09,
                    -0.9284767498232033,
                    -0.37139053392339627,
                    1.579920048188325
                ],
                [
                    0.0,
                    0.0,
                    0.0,
                    1.0
                ]
            ]
        },
        {
            "file_path": "./28/0001",
            "rotation": 0.012566370614359171,
            "transform_matrix": [
                [
                    0.21942537830413464,
                    0.36233971387813846,
                    -0.905848990266291,
                    1.9022831670532818
                ],
                [
                    0.9756293011366869,
                    -0.081492744155142,
                    0.203731268027485,
                    -0.42783563554247117
                ],
                [
                    -1.964064249964274e-07,
                    -0.9284766445741887,
                    -0.37139079704584704,
                    1.5799205011307438
                ],
                [
                    0.0,
                    0.0,
                    0.0,
                    1.0
                ]
            ]
        },
        {
            "file_path": "./29/0001",
            "rotation": 0.012566370614359171,
            "transform_matrix": [
                [
                    -0.8011525712797452,
                    0.22226258347661507,
                    -0.5556562801013949,
                    1.1668782608924329
                ],
                [
                    0.5984601518795607,
                    0.29754055744958857,
                    -0.7438515456302807,
                    1.5620885286297164
                ],
                [
                    -9.300126292316211e-08,
                    -0.9284766873023718,
                    -0.3713906902255228,
                    1.5799206088571789
                ],
                [
                    0.0,
                    0.0,
                    0.0,
                    1.0
                ]
            ]
        },
        {
            "file_path": "./30/0001",
            "rotation": 0.012566370614359171,
            "transform_matrix": [
                [
                    -0.8732972821781894,
                    -0.18093698816510426,
                    0.45234243540550034,
                    -0.9499188698185486
                ],
                [
                    -0.48718770499117625,
                    0.3243345381085452,
                    -0.8108361429805726,
                    1.7027558693783305
                ],
                [
                    -2.780078336165341e-08,
                    -0.9284766985738906,
                    -0.371390751453703,
                    1.5799210075030086
                ],
                [
                    0.0,
                    0.0,
                    0.0,
                    1.0
                ]
            ]
        },
        {
            "file_path": "./31/0001",
            "rotation": 0.012566370614359171,
            "transform_matrix": [
                [
                    0.08839865390350397,
                    -0.36993675901607026,
                    0.9248418435664998,
                    -1.9421679457550045
                ],
                [
                    -0.9960851848700996,
                    -0.0328304597701578,
                    0.0820760833354187,
                    -0.17235973951210068
                ],
                [
                    2.658401227747026e-08,
                    -0.9284766773001392,
                    -0.3713906854288011,
                    1.5799203906999422
                ],
                [
                    0.0,
                    0.0,
                    0.0,
                    1.0
                ]
            ]
        },
        {
            "file_path": "./32/0001",
            "rotation": 0.012566370614359171,
            "transform_matrix": [
                [
                    0.9454451218961283,
                    -0.12099206158654198,
                    0.30248038652915504,
                    -0.635208773449576
                ],
                [
                    -0.3257813187417042,
                    -0.35112938550211986,
                    0.8778238564488651,
                    -1.8434302522105683
                ],
                [
                    3.616839062817213e-08,
                    -0.9284767624263255,
                    -0.3713905024155725,
                    1.5799202365928773
                ],
                [
                    0.0,
                    0.0,
                    0.0,
                    1.0
                ]
            ]
        },
        {
            "file_path": "./33/0001",
            "rotation": 0.012566370614359171,
            "transform_matrix": [
                [
                    0.6832396634400885,
                    0.27118725657824366,
                    -0.6779683449005637,
                    1.4237331550140921
                ],
                [
                    0.7301942018945649,
                    -0.25374879074599643,
                    0.6343721083810143,
                    -1.3321811807455146
                ],
                [
                    -2.334982461897455e-08,
                    -0.9284767687762636,
                    -0.3713905759477548,
                    1.5799204065061703
                ],
                [
                    0.0,
                    0.0,
                    0.0,
                    1.0
                ]
            ]
        },
        {
            "file_path": "./34/0001",
            "rotation": 0.012566370614359171,
            "transform_matrix": [
                [
                    -0.38780935090496305,
                    0.3423255130389235,
                    -0.8558137130425557,
                    1.7972087567619284
                ],
                [
                    0.9217395744003954,
                    0.14402877095258418,
                    -0.36007193900244794,
                    0.7561512369652307
                ],
                [
                    -2.2707541127969216e-09,
                    -0.928476667049092,
                    -0.3713907110564185,
                    1.579920555200985
                ],
                [
                    0.0,
                    0.0,
                    0.0,
                    1.0
                ]
            ]
        },
        {
            "file_path": "./35/0001",
            "rotation": 0.012566370614359171,
            "transform_matrix": [
                [
                    -0.9997558785131894,
                    0.008206522971989878,
                    -0.02051621531698784,
                    0.04308401076362777
                ],
                [
                    0.022096654735403398,
                    0.37130007039599633,
                    -0.9282499842634614,
                    1.9493249767251424
                ],
                [
                    -3.318424689232616e-08,
                    -0.9284767025790645,
                    -0.37139074144076933,
                    1.579920599085174
                ],
                [
                    0.0,
                    0.0,
                    0.0,
                    1.0
                ]
            ]
        },
        {
            "file_path": "./36/0001",
            "rotation": 0.012566370614359171,
            "transform_matrix": [
                [
                    -0.4281553978429646,
                    -0.3356275264375143,
                    0.839069183878326,
                    -1.7620454137031445
                ],
                [
                    -0.9037051209651584,
                    0.1590128983042406,
                    -0.3975323395589084,
                    0.8348177989433058
                ],
                [
                    -3.7387059939350484e-08,
                    -0.9284767212114357,
                    -0.3713905756505204,
                    1.579920492214677
                ],
                [
                    0.0,
                    0.0,
                    0.0,
                    1.0
                ]
            ]
        },
        {
            "file_path": "./37/0001",
            "rotation": 0.012566370614359171,
            "transform_matrix": [
                [
                    0.6503107716910758,
                    -0.2821337423730885,
                    0.7053342873470984,
                    -1.481202022369291
                ],
                [
                    -0.7596682388754338,
                    -0.24151937585864325,
                    0.6037984281100862,
                    -1.2679763092732363
                ],
                [
                    -3.2801751771390145e-09,
                    -0.9284766698181827,
                    -0.3713907041336926,
                    1.579920562799862
                ],
                [
                    0.0,
                    0.0,
                    0.0,
                    1.0
                ]
            ]
        },
        {
            "file_path": "./38/0001",
            "rotation": 0.012566370614359171,
            "transform_matrix": [
                [
                    6.404105525107537e-09,
                    -0.2873479015439971,
                    0.9578263186117741,
                    -2.0114350532811334
                ],
                [
                    -0.9999999999999999,
                    -6.4041055251075376e-09,
                    2.1347017974223376e-08,
                    -1.9866919070068444e-15
                ],
                [
                    2.1347017974223376e-08,
                    -0.9578263186117743,
                    -0.28734787174167326,
                    1.4034305032538874
                ],
                [
                    0.0,
                    0.0,
                    0.0,
                    1.0
                ]
            ]
        },
        {
            "file_path": "./39/0001",
            "rotation": 0.012566370614359171,
            "transform_matrix": [
                [
                    0.9129452363037504,
                    -0.11726155366891264,
                    0.3908717908972451,
                    -0.8208306774298495
                ],
                [
                    -0.4080821173496532,
                    -0.26233283210748826,
                    0.8744429504663475,
                    -1.8363302495420954
                ],
                [
                    -3.5379539236056024e-08,
                    -0.9578262682125508,
                    -0.28734787085925034,
                    1.4034306452698464
                ],
                [
                    0.0,
                    0.0,
                    0.0,
                    1.0
                ]
            ]
        },
        {
            "file_path": "./40/0001",
            "rotation": 0.012566370614359171,
            "transform_matrix": [
                [
                    0.7451129881147435,
                    0.19164317185705346,
                    -0.6388110001014248,
                    1.3415027795706385
                ],
                [
                    0.6669382398991108,
                    -0.21410637507505415,
                    0.7136887610732556,
                    -1.4987466913853378
                ],
                [
                    1.8634971715636022e-07,
                    -0.9578262117879822,
                    -0.28734764170846505,
                    1.4034306961401763
                ],
                [
                    0.0,
                    0.0,
                    0.0,
                    1.0
                ]
            ]
        },
        {
            "file_path": "./41/0001",
            "rotation": 0.012566370614359171,
            "transform_matrix": [
                [
                    -0.3048108137541343,
                    0.273673772970654,
                    -0.912246068128554,
                    1.9157168248489433
                ],
                [
                    0.9524128433478096,
                    0.08758644740379647,
                    -0.2919559598373878,
                    0.6131073537815113
                ],
                [
                    -2.4136706863148837e-07,
                    -0.9578262542452154,
                    -0.2873478081415849,
                    1.4034307168063678
                ],
                [
                    0.0,
                    0.0,
                    0.0,
                    1.0
                ]
            ]
        },
        {
            "file_path": "./42/0001",
            "rotation": 0.012566370614359171,
            "transform_matrix": [
                [
                    -0.9938882444751045,
                    0.03171936969130797,
                    -0.10573167451408895,
                    0.22203678216402004
                ],
                [
                    0.11038707085012167,
                    0.2855916757977905,
                    -0.9519724634197635,
                    1.9991425193432153
                ],
                [
                    1.4081551171154842e-07,
                    -0.9578260649631517,
                    -0.2873481509930402,
                    1.4034308681692005
                ],
                [
                    0.0,
                    0.0,
                    0.0,
                    1.0
                ]
            ]
        },
        {
            "file_path": "./43/0001",
            "rotation": 0.012566370614359171,
            "transform_matrix": [
                [
                    -0.5063656300705349,
                    -0.24778519135089178,
                    0.825951479132884,
                    -1.7344985546259553
                ],
                [
                    -0.8623185741951516,
                    0.14550310210826514,
                    -0.48501039867068174,
                    1.0185219687287819
                ],
                [
                    -2.4301895957520223e-07,
                    -0.9578261914042068,
                    -0.28734787853433535,
                    1.4034304444421188
                ],
                [
                    0.0,
                    0.0,
                    0.0,
                    1.0
                ]
            ]
        },
        {
            "file_path": "./44/0001",
            "rotation": 0.012566370614359171,
            "transform_matrix": [
                [
                    0.5806111521801943,
                    -0.23395303960619937,
                    0.7798439831834247,
                    -1.6376723734969358
                ],
                [
                    -0.8141809447064211,
                    -0.1668372982785854,
                    0.5561246280365191,
                    -1.1678618835123111
                ],
                [
                    -2.764114504274749e-08,
                    -0.95782628059087,
                    -0.28734775012526215,
                    1.4034304305502627
                ],
                [
                    0.0,
                    0.0,
                    0.0,
                    1.0
                ]
            ]
        },
        {
            "file_path": "./45/0001",
            "rotation": 0.012566370614359171,
            "transform_matrix": [
                [
                    0.9802396709959524,
                    0.056841284420992365,
                    -0.1894710974695635,
                    0.3978892140638409
                ],
                [
                    0.1978136226920107,
                    -0.28166986192858323,
                    0.9388992866568582,
                    -1.9716883758275165
                ],
                [
                    -5.902177187634381e-08,
                    -0.957826278984564,
                    -0.28734794422770255,
                    1.403430242136453
                ],
                [
                    0.0,
                    0.0,
                    0.0,
