{
    "camera_angle_x": 0.6911111854780677,
    "frames": [
        {
            "file_path": "./1/0001",
            "rotation": 0.012566370614359171,
            "transform_matrix": [
                [
                    -0.3420200737065562,
                    -0.8137977733146005,
                    0.4698462672092838,
                    -1.4095386371515217
                ],
                [
                    -0.9396926791049666,
                    0.296198077327417,
                    -0.1710100555551313,
                    0.5130301190915143
                ],
                [
                    4.7133350625379316e-08,
                    -0.4999999471071293,
                    -0.8660254246738822,
                    2.598076097347414
                ],
                [
                    0.0,
                    0.0,
                    0.0,
                    1.0
                ]
            ]
        },
        {
            "file_path": "./2/0001",
            "rotation": 0.012566370614359171,
            "transform_matrix": [
                [
                    -7.699993818410846e-08,
                    -0.8660253599371065,
                    0.5000000432634912,
                    -1.4999998913718782
                ],
                [
                    -0.9999999999999938,
                    7.699993818410845e-08,
                    -1.9264050581606527e-08,
                    1.0590123582670307e-14
                ],
                [
                    -1.926405058160652e-08,
                    -0.5000000432634911,
                    -0.8660253599371128,
                    2.5980756668582656
                ],
                [
                    0.0,
                    0.0,
                    0.0,
                    1.0
                ]
            ]
        },
        {
            "file_path": "./3/0001",
            "rotation": 0.012566370614359171,
            "transform_matrix": [
                [
                    0.3420200563939755,
                    -0.813797692527699,
                    0.46984633033186957,
                    -1.4095387967824304
                ],
                [
                    -0.9396926258015856,
                    -0.2961980579912432,
                    0.1710100177032193,
                    -0.51303004950603
                ],
                [
                    5.477863363295637e-09,
                    -0.5000000127907755,
                    -0.8660254119433055,
                    2.5980760666062728
                ],
                [
                    0.0,
                    0.0,
                    0.0,
                    1.0
                ]
            ]
        },
        {
            "file_path": "./4/0001",
            "rotation": 0.012566370614359171,
            "transform_matrix": [
                [
                    0.6427874160728706,
                    -0.6634140468639674,
                    0.38302239067765753,
                    -1.14906669452934
                ],
                [
                    -0.7660446105423595,
                    -0.5566701607106568,
                    0.3213937864517051,
                    -0.9641814465912529
                ],
                [
                    -2.408380699143308e-08,
                    -0.5000000997497199,
                    -0.866025352516646,
                    2.598076236363899
                ],
                [
                    0.0,
                    0.0,
                    0.0,
                    1.0
                ]
            ]
        },
        {
            "file_path": "./5/0001",
            "rotation": 0.012566370614359171,
            "transform_matrix": [
                [
                    0.8660252367181042,
                    -0.43301280210913085,
                    0.25000019040738247,
                    -0.7499999964022578
                ],
                [
                    -0.5000001811093084,
                    -0.749999742517058,
                    0.43301280210913085,
                    -1.2990379633396598
                ],
                [
                    -5.871990705175662e-08,
                    -0.5000001811093084,
                    -0.8660252367181042,
                    2.5980760975846278
                ],
                [
                    0.0,
                    0.0,
                    0.0,
                    1.0
                ]
            ]
        },
        {
            "file_path": "./6/0001",
            "rotation": 0.012566370614359171,
            "transform_matrix": [
                [
                    0.9848077747893349,
                    -0.15038373708302785,
                    0.08682410418940005,
                    -0.2604722552485089
                ],
                [
                    -0.1736481853428274,
                    -0.8528685586740957,
                    0.4924038987360415,
                    -1.4772115230234992
                ],
                [
                    9.144177187933813e-09,
                    -0.5000000144629299,
                    -0.8660254109778868,
                    2.5980760618473715
                ],
                [
                    0.0,
                    0.0,
                    0.0,
                    1.0
                ]
            ]
        },
        {
            "file_path": "./7/0001",
            "rotation": 0.012566370614359171,
            "transform_matrix": [
                [
                    0.9848077747893349,
                    0.15038373708302785,
                    -0.08682410418940005,
                    0.2604722552485089
                ],
                [
                    0.1736481853428274,
                    -0.8528685586740957,
                    0.4924038987360415,
                    -1.4772115230234992
                ],
                [
                    -9.144177187933813e-09,
                    -0.5000000144629299,
                    -0.8660254109778868,
                    2.5980760618473715
                ],
                [
                    0.0,
                    0.0,
                    0.0,
                    1.0
                ]
            ]
        },
        {
            "file_path": "./8/0001",
            "rotation": 0.012566370614359171,
            "transform_matrix": [
                [
                    0.8660252367181042,
                    0.43301280210913085,
                    -0.25000019040738247,
                    0.7499999964022578
                ],
                [
                    0.5000001811093084,
                    -0.749999742517058,
                    0.43301280210913085,
                    -1.2990379633396598
                ],
                [
                    5.871990705175662e-08,
                    -0.5000001811093084,
                    -0.8660252367181042,
                    2.5980760975846278
                ],
                [
                    0.0,
                    0.0,
                    0.0,
                    1.0
                ]
            ]
        },
        {
            "file_path": "./9/0001",
            "rotation": 0.012566370614359171,
            "transform_matrix": [
                [
                    0.6427874160728706,
                    0.6634140468639674,
                    -0.38302239067765753,
                    1.14906669452934
                ],
                [
                    0.7660446105423595,
                    -0.5566701607106568,
                    0.3213937864517051,
                    -0.9641814465912529
                ],
                [
                    2.408380699143308e-08,
                    -0.5000000997497199,
                    -0.866025352516646,
                    2.598076236363899
                ],
                [
                    0.0,
                    0.0,
                    0.0,
                    1.0
                ]
            ]
        },
        {
            "file_path": "./10/0001",
            "rotation": 0.012566370614359171,
            "transform_matrix": [
                [
                    0.3420200563939755,
                    0.813797692527699,
                    -0.46984633033186957,
                    1.4095387967824304
                ],
                [
                    0.9396926258015856,
                    -0.2961980579912432,
                    0.1710100177032193,
                    -0.51303004950603
                ],
                [
                    -5.477863363295637e-09,
                    -0.5000000127907755,
                    -0.8660254119433055,
                    2.5980760666062728
                ],
                [
                    0.0,
                    0.0,
                    0.0,
                    1.0
                ]
            ]
        },
        {
            "file_path": "./11/0001",
            "rotation": 0.012566370614359171,
            "transform_matrix": [
                [
                    -7.699993818410846e-08,
                    0.8660253599371065,
                    -0.5000000432634912,
                    1.4999998913718782
                ],
                [
                    0.9999999999999938,
                    7.699993818410845e-08,
                    -1.9264050581606527e-08,
                    1.0590123582670307e-14
                ],
                [
                    1.926405058160652e-08,
                    -0.5000000432634911,
                    -0.8660253599371128,
                    2.5980756668582656
                ],
                [
                    0.0,
                    0.0,
                    0.0,
                    1.0
                ]
            ]
        },
        {
            "file_path": "./12/0001",
            "rotation": 0.012566370614359171,
            "transform_matrix": [
                [
                    -0.3420201669680265,
                    0.813797712221364,
                    -0.469846378818047,
                    1.4095391976139533
                ],
                [
                    0.9396926830709059,
                    0.2961981288981032,
                    -0.1710101309381834,
                    0.5130303181717014
                ],
                [
                    -5.9021862734689895e-08,
                    -0.5000000731523468,
                    -0.8660253426807697,
                    2.5980765602046847
                ],
                [
                    0.0,
                    0.0,
                    0.0,
                    1.0
                ]
            ]
        },
        {
            "file_path": "./13/0001",
            "rotation": 0.012566370614359171,
            "transform_matrix": [
                [
                    -0.6427876140337786,
                    0.6634138199566053,
                    -0.3830222472162406,
                    1.1490667382755204
                ],
                [
                    0.7660443731762782,
                    0.5566704107299344,
                    -0.3213937993802266,
                    0.9641813773141922
                ],
                [
                    5.8837374860086975e-08,
                    -0.5000000084336589,
                    -0.8660253800461248,
                    2.598075874057187
                ],
                [
                    0.0,
                    0.0,
                    0.0,
                    1.0
                ]
            ]
        },
        {
            "file_path": "./14/0001",
            "rotation": 0.012566370614359171,
            "transform_matrix": [
                [
                    -0.8660250359442043,
                    0.4330124477841343,
                    -0.24999995902988997,
                    0.749999969112084
                ],
                [
                    0.4999997625588575,
                    0.7499996043602973,
                    -0.433012737821698,
                    1.2990380709290132
                ],
                [
                    1.5785943366475238e-08,
                    -0.5000000057532461,
                    -0.8660253379600321,
                    2.598076058583578
                ],
                [
                    0.0,
                    0.0,
                    0.0,
                    1.0
                ]
            ]
        },
        {
            "file_path": "./15/0001",
            "rotation": 0.012566370614359171,
            "transform_matrix": [
                [
                    -0.9848077306852445,
                    0.1503838817939546,
                    -0.08682409570023776,
                    0.26047223627593574
                ],
                [
                    0.17364830135896733,
                    0.8528684614342662,
                    -0.49240391934754363,
                    1.4772114759307573
                ],
                [
                    -7.319329212119844e-08,
                    -0.50000003238163,
                    -0.866025366219753,
                    2.5980754382514513
                ],
                [
                    0.0,
                    0.0,
                    0.0,
                    1.0
                ]
            ]
        },
        {
            "file_path": "./16/0001",
            "rotation": 0.012566370614359171,
            "transform_matrix": [
                [
                    -0.9848077306852445,
                    -0.1503838817939546,
                    0.08682409570023776,
                    -0.26047223627593574
                ],
                [
                    -0.17364830135896733,
                    0.8528684614342662,
                    -0.49240391934754363,
                    1.4772114759307573
                ],
                [
                    7.319329212119844e-08,
                    -0.50000003238163,
                    -0.866025366219753,
                    2.5980754382514513
                ],
                [
                    0.0,
                    0.0,
                    0.0,
                    1.0
                ]
            ]
        },
        {
            "file_path": "./17/0001",
            "rotation": 0.012566370614359171,
            "transform_matrix": [
                [
                    -0.8660250359442043,
                    -0.4330124477841343,
                    0.24999995902988997,
                    -0.749999969112084
                ],
                [
                    -0.4999997625588575,
                    0.7499996043602973,
                    -0.433012737821698,
                    1.2990380709290132
                ],
                [
                    -1.5785943366475238e-08,
                    -0.5000000057532461,
                    -0.8660253379600321,
                    2.598076058583578
                ],
                [
                    0.0,
                    0.0,
                    0.0,
                    1.0
                ]
            ]
        },
        {
            "file_path": "./18/0001",
            "rotation": 0.012566370614359171,
            "transform_matrix": [
                [
                    -0.6427876140337786,
                    -0.6634138199566053,
                    0.3830222472162406,
                    -1.1490667382755204
                ],
                [
                    -0.7660443731762782,
                    0.5566704107299344,
                    -0.3213937993802266,
                    0.9641813773141922
                ],
                [
                    -5.8837374860086975e-08,
                    -0.5000000084336589,
                    -0.8660253800461248,
                    2.598075874057187
                ],
                [
                    0.0,
                    0.0,
                    0.0,
                    1.0
                ]
            ]
        },
        {
            "file_path": "./19/0001",
            "rotation": 0.012566370614359171,
            "transform_matrix": [
                [
                    -0.3420201617490399,
                    -0.6644629104675376,
                    0.6644631452888303,
                    -1.9933892333211296
                ],
                [
                    -0.9396926145186554,
                    0.24184474661656055,
                    -0.24184479853967225,
                    0.7255341819259882
                ],
                [
                    -2.3442675095882326e-08,
                    -0.7071068823997162,
                    -0.7071067041765827,
                    2.1213207131223797
                ],
                [
                    0.0,
                    0.0,
                    0.0,
                    1.0
                ]
            ]
        },
        {
            "file_path": "./20/0001",
            "rotation": 0.012566370614359171,
            "transform_matrix": [
                [
                    -1.0399601331363787e-07,
                    -0.7071067336835132,
                    0.7071067932881538,
                    -2.121320548451898
                ],
                [
                    -0.9999999999999888,
                    7.17382125725513e-08,
                    -8.118630667478571e-08,
                    1.2164139570356388e-14
                ],
                [
                    -3.309090971824086e-09,
                    -0.7071067932881622,
                    -0.7071067336835208,
                    2.121320706812724
                ],
                [
                    0.0,
                    0.0,
                    0.0,
                    1.0
                ]
            ]
        },
        {
            "file_path": "./21/0001",
            "rotation": 0.012566370614359171,
            "transform_matrix": [
                [
                    0.3420199503352084,
                    -0.6644629779350435,
                    0.6644631594745655,
                    -1.9933894149165536
                ],
                [
                    -0.9396926969452357,
                    -0.24184472077265565,
                    0.24184457054144695,
                    -0.7255338861089766
                ],
                [
                    1.818629923359113e-07,
                    -0.7071068416277523,
                    -0.7071067449485323,
                    2.1213205720204247
                ],
                [
                    0.0,
                    0.0,
                    0.0,
                    1.0
                ]
            ]
        },
        {
            "file_path": "./22/0001",
            "rotation": 0.012566370614359171,
            "transform_matrix": [
                [
                    0.6427874776037056,
                    -0.5416752097893813,
                    0.5416754115819388,
                    -1.625025689476869
                ],
                [
                    -0.7660445685023138,
                    -0.4545192659008303,
                    0.45451948905565853,
                    -1.363558395735902
                ],
                [
                    -3.1727875132031235e-08,
                    -0.7071068990234896,
                    -0.7071066279481375,
                    2.1213200102850345
                ],
                [
                    0.0,
                    0.0,
                    0.0,
                    1.0
                ]
            ]
        },
        {
            "file_path": "./23/0001",
            "rotation": 0.012566370614359171,
            "transform_matrix": [
                [
                    0.8660254355078144,
                    -0.3535533249214119,
                    0.3535533721406012,
                    -1.060660168840304
                ],
                [
                    -0.49999992834220763,
                    -0.6123724806291438,
                    0.612372453367137,
                    -1.8371172568371008
                ],
                [
                    1.825012171206689e-08,
                    -0.7071068007387442,
                    -0.7071067858375845,
                    2.1213200835582326
                ],
                [
                    0.0,
                    0.0,
                    0.0,
                    1.0
                ]
            ]
        },
        {
            "file_path": "./24/0001",
            "rotation": 0.012566370614359171,
            "transform_matrix": [
                [
                    0.9848077709021849,
                    -0.12278776454837013,
                    0.1227878654722717,
                    -0.368363527103475
                ],
                [
                    -0.1736481924867864,
                    -0.6963640201247097,
                    0.6963644259980805,
                    -2.089093306265138
                ],
                [
                    1.6217065049585338e-08,
                    -0.707106977342245,
                    -0.7071065496293137,
                    2.121320307432429
                ],
                [
                    0.0,
                    0.0,
                    0.0,
                    1.0
                ]
            ]
        },
        {
            "file_path": "./25/0001",
            "rotation": 0.012566370614359171,
            "transform_matrix": [
                [
                    0.9848077709021849,
                    0.12278776454837013,
                    -0.1227878654722717,
                    0.368363527103475
                ],
                [
                    0.1736481924867864,
                    -0.6963640201247097,
                    0.6963644259980805,
                    -2.089093306265138
                ],
                [
                    -1.6217065049585338e-08,
                    -0.707106977342245,
                    -0.7071065496293137,
                    2.121320307432429
                ],
                [
                    0.0,
                    0.0,
                    0.0,
                    1.0
                ]
            ]
        },
        {
            "file_path": "./26/0001",
            "rotation": 0.012566370614359171,
            "transform_matrix": [
                [
                    0.8660254355078144,
                    0.3535533249214119,
                    -0.3535533721406012,
                    1.060660168840304
                ],
                [
                    0.49999992834220763,
                    -0.6123724806291438,
                    0.612372453367137,
                    -1.8371172568371008
                ],
                [
                    -1.825012171206689e-08,
                    -0.7071068007387442,
                    -0.7071067858375845,
                    2.1213200835582326
                ],
                [
                    0.0,
                    0.0,
                    0.0,
                    1.0
                ]
            ]
        },
        {
            "file_path": "./27/0001",
            "rotation": 0.012566370614359171,
            "transform_matrix": [
                [
                    0.6427874776037056,
                    0.5416752097893813,
                    -0.5416754115819388,
                    1.625025689476869
                ],
                [
                    0.7660445685023138,
                    -0.4545192659008303,
                    0.45451948905565853,
                    -1.363558395735902
                ],
                [
                    3.1727875132031235e-08,
                    -0.7071068990234896,
                    -0.7071066279481375,
                    2.1213200102850345
                ],
                [
                    0.0,
                    0.0,
                    0.0,
                    1.0
                ]
            ]
        },
        {
            "file_path": "./28/0001",
            "rotation": 0.012566370614359171,
            "transform_matrix": [
                [
                    0.3420199503352084,
                    0.6644629779350435,
                    -0.6644631594745655,
                    1.9933894149165536
                ],
                [
                    0.9396926969452357,
                    -0.24184472077265565,
                    0.24184457054144695,
                    -0.7255338861089766
                ],
                [
                    -1.818629923359113e-07,
                    -0.7071068416277523,
                    -0.7071067449485323,
                    2.1213205720204247
                ],
                [
                    0.0,
                    0.0,
                    0.0,
                    1.0
                ]
            ]
        },
        {
            "file_path": "./29/0001",
            "rotation": 0.012566370614359171,
            "transform_matrix": [
                [
                    -1.0399601331363787e-07,
                    0.7071067336835132,
                    -0.7071067932881538,
                    2.121320548451898
                ],
                [
                    0.9999999999999888,
                    7.17382125725513e-08,
                    -8.118630667478571e-08,
                    1.2164139570356388e-14
                ],
                [
                    3.309090971824086e-09,
                    -0.7071067932881622,
                    -0.7071067336835208,
                    2.121320706812724
                ],
                [
                    0.0,
                    0.0,
                    0.0,
                    1.0
                ]
            ]
        },
        {
            "file_path": "./30/0001",
            "rotation": 0.012566370614359171,
            "transform_matrix": [
                [
                    -0.34202038198718626,
                    0.664463006638847,
                    -0.664463037866892,
                    1.9933890574408053
                ],
                [
                    0.9396926589366349,
                    0.24184496481756396,
                    -0.2418448790192723,
                    0.725534698933883
                ],
                [
                    1.8928891720873017e-08,
                    -0.7071068518464599,
                    -0.707106734729868,
                    2.121320572974539
                ],
                [
                    0.0,
                    0.0,
                    0.0,
                    1.0
                ]
            ]
        },
        {
            "file_path": "./31/0001",
            "rotation": 0.012566370614359171,
            "transform_matrix": [
                [
                    -0.6427876863941554,
                    0.5416748050218313,
                    -0.5416748986291714,
                    1.6250253579849863
                ],
                [
                    0.7660439123447745,
                    0.45451953199169476,
                    -0.4545196058914745,
                    1.3635582908932187
                ],
                [
                    1.0724872592778739e-07,
                    -0.7071065922409314,
                    -0.7071068751261382,
                    2.121320456790977
                ],
                [
                    0.0,
                    0.0,
                    0.0,
                    1.0
                ]
            ]
        },
        {
            "file_path": "./32/0001",
            "rotation": 0.012566370614359171,
            "transform_matrix": [
                [
                    -0.8660253101203396,
                    0.35355344458401705,
                    -0.35355343739338424,
                    1.0606600704114466
                ],
                [
                    0.5000000699440067,
                    0.6123722606772397,
                    -0.6123724713052983,
                    1.8371170181642438
                ],
                [
                    -6.322028002980165e-08,
                    -0.7071068409145235,
                    -0.7071066860571352,
                    2.121319847437219
                ],
                [
                    0.0,
                    0.0,
                    0.0,
                    1.0
                ]
            ]
        },
        {
            "file_path": "./33/0001",
            "rotation": 0.012566370614359171,
            "transform_matrix": [
                [
                    -0.9848077542024796,
                    0.12278766085110333,
                    -0.12278779641783137,
                    0.3683633343670956
                ],
                [
                    0.17364806836999805,
                    0.6963640535173095,
                    -0.6963644532822314,
                    2.0890925724300766
                ],
                [
                    4.215868938707441e-08,
                    -0.7071069805766933,
                    -0.7071065463948613,
                    2.121320086995076
                ],
                [
                    0.0,
                    0.0,
                    0.0,
                    1.0
                ]
            ]
        },
        {
            "file_path": "./34/0001",
            "rotation": 0.012566370614359171,
            "transform_matrix": [
                [
                    -0.9848077542024796,
                    -0.12278766085110333,
                    0.12278779641783137,
                    -0.3683633343670956
                ],
                [
                    -0.17364806836999805,
                    0.6963640535173095,
                    -0.6963644532822314,
                    2.0890925724300766
                ],
                [
                    -4.215868938707441e-08,
                    -0.7071069805766933,
                    -0.7071065463948613,
                    2.121320086995076
                ],
                [
                    0.0,
                    0.0,
                    0.0,
                    1.0
                ]
            ]
        },
        {
            "file_path": "./35/0001",
            "rotation": 0.012566370614359171,
            "transform_matrix": [
                [
                    -0.8660253101203396,
                    -0.35355344458401705,
                    0.35355343739338424,
                    -1.0606600704114466
                ],
                [
                    -0.5000000699440067,
                    0.6123722606772397,
                    -0.6123724713052983,
                    1.8371170181642438
                ],
                [
                    6.322028002980165e-08,
                    -0.7071068409145235,
                    -0.7071066860571352,
                    2.121319847437219
                ],
                [
                    0.0,
                    0.0,
                    0.0,
                    1.0
                ]
            ]
        },
        {
            "file_path": "./36/0001",
            "rotation": 0.012566370614359171,
            "transform_matrix": [
                [
                    -0.6427876863941554,
                    -0.5416748050218313,
                    0.5416748986291714,
                    -1.6250253579849863
                ],
                [
                    -0.7660439123447745,
                    0.45451953199169476,
                    -0.4545196058914745,
                    1.3635582908932187
                ],
                [
                    -1.0724872592778739e-07,
                    -0.7071065922409314,
                    -0.7071068751261382,
                    2.121320456790977
                ],
                [
                    0.0,
                    0.0,
                    0.0,
                    1.0
                ]
            ]
        },
        {
            "file_path": "./37/0001",
            "rotation": 0.012566370614359171,
            "transform_matrix": [
                [
                    -0.3420201567259991,
                    -0.46984591671739856,
                    0.8137976836518526,
                    -2.441393308185201
                ],
                [
                    -0.9396924320546645,
                    0.17101005365214395,
                    -0.29619823175366183,
                    0.8885942436811407
                ],
                [
                    -1.7087290449525923e-07,
                    -0.8660254334165017,
                    -0.49999983086579464,
                    1.499999818283099
                ],
                [
                    0.0,
                    0.0,
                    0.0,
                    1.0
                ]
            ]
        },
        {
            "file_path": "./38/0001",
            "rotation": 0.012566370614359171,
            "transform_matrix": [
                [
                    -4.897878940779361e-08,
                    -0.4999999985600074,
                    0.86602543736582,
                    -2.59807583953971
                ],
                [
                    -0.999999999999992,
                    9.112564001544875e-08,
                    -5.400543427777505e-10,
                    -5.960465820282315e-08
                ],
                [
                    -7.354053758006028e-08,
                    -0.8660254373658134,
                    -0.49999999856001187,
                    1.4999998604997298
                ],
                [
                    0.0,
                    0.0,
                    0.0,
                    1.0
                ]
            ]
        },
        {
            "file_path": "./39/0001",
            "rotation": 0.012566370614359171,
            "transform_matrix": [
                [
                    0.3420201320124826,
                    -0.4698463475738612,
                    0.8137977025529343,
                    -2.441393118167685
                ],
                [
                    -0.9396926361890244,
                    -0.1710099725474396,
                    0.2961981852099811,
                    -0.8885947601254093
                ],
                [
                    -9.735712584699819e-08,
                    -0.8660254394442379,
                    -0.49999999496006436,
                    1.5000003234708026
                ],
                [
                    0.0,
                    0.0,
                    0.0,
                    1.0
                ]
            ]
        },
        {
            "file_path": "./40/0001",
            "rotation": 0.012566370614359171,
            "transform_matrix": [
                [
                    0.6427876505218311,
                    -0.3830221205516769,
                    0.6634139843098037,
                    -1.9902420099915081
                ],
                [
                    -0.7660443925734065,
                    -0.32139374658055436,
                    0.5566704489338384,
                    -1.6700114145613694
                ],
                [
                    -3.201964001920051e-08,
                    -0.8660254112956925,
                    -0.4999998968428754,
                    1.500000016214439
                ],
                [
                    0.0,
                    0.0,
                    0.0,
                    1.0
                ]
            ]
        },
        {
            "file_path": "./41/0001",
            "rotation": 0.012566370614359171,
            "transform_matrix": [
                [
                    0.8660253061613314,
                    -0.24999991081869968,
                    0.4330128636665375,
                    -1.2990379394214562
                ],
                [
                    -0.5000001204348152,
                    -0.4330124049402159,
                    0.7499999180638334,
                    -2.2499994273898656
                ],
                [
                    -9.61375821457226e-08,
                    -0.8660254461174863,
                    -0.49999971946008614,
                    1.4999997360293749
                ],
                [
                    0.0,
                    0.0,
                    0.0,
                    1.0
                ]
            ]
        },
        {
            "file_path": "./42/0001",
            "rotation": 0.012566370614359171,
            "transform_matrix": [
                [
                    0.9848077570789001,
                    -0.08682403870857146,
                    0.15038380576211072,
                    -0.4511512214427061
                ],
                [
                    -0.17364822617903222,
                    -0.4924035295253241,
                    0.8528685566027171,
                    -2.5586054543975782
                ],
                [
                    -1.1531788374347532e-08,
                    -0.8660254318616954,
                    -0.4999996707158502,
                    1.4999999153224217
                ],
                [
                    0.0,
                    0.0,
                    0.0,
                    1.0
                ]
            ]
        },
        {
            "file_path": "./43/0001",
            "rotation": 0.012566370614359171,
            "transform_matrix": [
                [
                    0.9848077570789001,
                    0.08682403870857146,
                    -0.15038380576211072,
                    0.4511512214427061
                ],
                [
                    0.17364822617903222,
                    -0.4924035295253241,
                    0.8528685566027171,
                    -2.5586054543975782
                ],
                [
                    1.1531788374347532e-08,
                    -0.8660254318616954,
                    -0.4999996707158502,
                    1.4999999153224217
                ],
                [
                    0.0,
                    0.0,
                    0.0,
                    1.0
                ]
            ]
        },
        {
            "file_path": "./44/0001",
            "rotation": 0.012566370614359171,
            "transform_matrix": [
                [
                    0.8660253061613314,
                    0.24999991081869968,
                    -0.4330128636665375,
                    1.2990379394214562
                ],
                [
                    0.5000001204348152,
                    -0.4330124049402159,
                    0.7499999180638334,
                    -2.2499994273898656
                ],
                [
                    9.61375821457226e-08,
                    -0.8660254461174863,
                    -0.49999971946008614,
                    1.4999997360293749
                ],
                [
                    0.0,
                    0.0,
                    0.0,
                    1.0
                ]
            ]
        },
        {
            "file_path": "./45/0001",
            "rotation": 0.012566370614359171,
            "transform_matrix": [
                [
                    0.6427876505218311,
                    0.3830221205516769,
                    -0.6634139843098037,
                    1.9902420099915081
                ],
                [
                    0.7660443925734065,
                    -0.32139374658055436,
                    0.5566704489338384,
                    -1.6700114145613694
                ],
                [
                    3.201964001920051e-08,
                    -0.8660254112956925,
                    -0.4999998968428754,
                    1.500000016214439
                ],
                [
                    0.0,
                    0.0,
                    0.0,
                    1.0
                ]
            ]
        },
        {
