{
    "camera_angle_x": 0.6911111854780677,
    "camera_angle_y": 0.6911111854780677,
    "fl_x": 711.111083984375,
    "fl_y": 711.111083984375,
    "c_x": 256.0,
    "c_y": 256.0,
    "w": 512.0,
    "h": 512.0,
    "frames": [
        {
            "file_path": "./1/0001",
            "rotation": 0.012566370614359171,
            "transform_matrix": [
                [
                    -0.34202008914908366,
                    -0.8731572438504895,
                    0.34730152745342724,
                    -1.389206442378517
                ],
                [
                    -0.9396925108864475,
                    0.3178032339505129,
                    -0.12640744647593183,
                    0.5056297922969079
                ],
                [
                    -1.0879437229127904e-08,
                    -0.3695905755379053,
                    -0.9291947027179518,
                    3.71677919887308
                ],
                [
                    0.0,
                    0.0,
                    0.0,
                    1.0
                ]
            ]
        },
        {
            "file_path": "./2/0001",
            "rotation": 0.012566370614359171,
            "transform_matrix": [
                [
                    -1.7284017092470443e-07,
                    -0.8160984275042927,
                    0.5779130114136818,
                    -2.311651186365337
                ],
                [
                    -1.0000000596046135,
                    9.615804686837029e-08,
                    -1.5309038035369873e-07,
                    3.576278430671239e-07
                ],
                [
                    8.788410673931398e-08,
                    -0.5779130114137166,
                    -0.8160983678996485,
                    3.2643934958081537
                ],
                [
                    0.0,
                    0.0,
                    0.0,
                    1.0
                ]
            ]
        },
        {
            "file_path": "./3/0001",
            "rotation": 0.012566370614359171,
            "transform_matrix": [
                [
                    0.3420198259572803,
                    -0.7668816419173703,
                    0.5430606626990213,
                    -2.172242178922862
                ],
                [
                    -0.9396926663944024,
                    -0.2791218550197711,
                    0.19765764255510404,
                    -0.7906311911212162
                ],
                [
                    2.1203522702377106e-08,
                    -0.5779129582842683,
                    -0.8160983633143019,
                    3.2643936168771317
                ],
                [
                    0.0,
                    0.0,
                    0.0,
                    1.0
                ]
            ]
        },
        {
            "file_path": "./4/0001",
            "rotation": 0.012566370614359171,
            "transform_matrix": [
                [
                    0.642787506140703,
                    -0.6251677133003628,
                    0.4427071034546909,
                    -1.7708276232067
                ],
                [
                    -0.7660444945427195,
                    -0.5245778610151947,
                    0.37147523278707234,
                    -1.4859009905989036
                ],
                [
                    2.1542175770973126e-08,
                    -0.577913002322067,
                    -0.8160983743378283,
                    3.2643933148830904
                ],
                [
                    0.0,
                    0.0,
                    0.0,
                    1.0
                ]
            ]
        },
        {
            "file_path": "./5/0001",
            "rotation": 0.012566370614359171,
            "transform_matrix": [
                [
                    0.8660253489286026,
                    -0.40804923354562767,
                    0.28895662192291527,
                    -1.155825731155718
                ],
                [
                    -0.5000001059643885,
                    -0.7067618305248329,
                    0.5004873087057325,
                    -2.0019487168759738
                ],
                [
                    4.192228908473682e-08,
                    -0.5779130348161702,
                    -0.8160983687235377,
                    3.2643931839686866
                ],
                [
                    0.0,
                    0.0,
                    0.0,
                    1.0
                ]
            ]
        },
        {
            "file_path": "./6/0001",
            "rotation": 0.012566370614359171,
            "transform_matrix": [
                [
                    0.9848077589182668,
                    -0.1417140228669738,
                    0.10035357882514101,
                    -0.40141417912780897
                ],
                [
                    -0.17364823064862847,
                    -0.8036999221672934,
                    0.5691332771262202,
                    -2.276532970881623
                ],
                [
                    -8.396749727887716e-09,
                    -0.5779130583686958,
                    -0.8160983098365011,
                    3.2643939363558316
                ],
                [
                    0.0,
                    0.0,
                    0.0,
                    1.0
                ]
            ]
        },
        {
            "file_path": "./7/0001",
            "rotation": 0.012566370614359171,
            "transform_matrix": [
                [
                    0.9848077589182668,
                    0.1417140228669738,
                    -0.10035357882514101,
                    0.40141417912780897
                ],
                [
                    0.17364823064862847,
                    -0.8036999221672934,
                    0.5691332771262202,
                    -2.276532970881623
                ],
                [
                    8.396749727887716e-09,
                    -0.5779130583686958,
                    -0.8160983098365011,
                    3.2643939363558316
                ],
                [
                    0.0,
                    0.0,
                    0.0,
                    1.0
                ]
            ]
        },
        {
            "file_path": "./8/0001",
            "rotation": 0.012566370614359171,
            "transform_matrix": [
                [
                    0.8660253489286026,
                    0.40804923354562767,
                    -0.28895662192291527,
                    1.155825731155718
                ],
                [
                    0.5000001059643885,
                    -0.7067618305248329,
                    0.5004873087057325,
                    -2.0019487168759738
                ],
                [
                    -4.192228908473682e-08,
                    -0.5779130348161702,
                    -0.8160983687235377,
                    3.2643931839686866
                ],
                [
                    0.0,
                    0.0,
                    0.0,
                    1.0
                ]
            ]
        },
        {
            "file_path": "./9/0001",
            "rotation": 0.012566370614359171,
            "transform_matrix": [
                [
                    0.642787506140703,
                    0.6251677133003628,
                    -0.4427071034546909,
                    1.7708276232067
                ],
                [
                    0.7660444945427195,
                    -0.5245778610151947,
                    0.37147523278707234,
                    -1.4859009905989036
                ],
                [
                    -2.1542175770973126e-08,
                    -0.577913002322067,
                    -0.8160983743378283,
                    3.2643933148830904
                ],
                [
                    0.0,
                    0.0,
                    0.0,
                    1.0
                ]
            ]
        },
        {
            "file_path": "./10/0001",
            "rotation": 0.012566370614359171,
            "transform_matrix": [
                [
                    0.3420198259572803,
                    0.7668816419173703,
                    -0.5430606626990213,
                    2.172242178922862
                ],
                [
                    0.9396926663944024,
                    -0.2791218550197711,
                    0.19765764255510404,
                    -0.7906311911212162
                ],
                [
                    -2.1203522702377106e-08,
                    -0.5779129582842683,
                    -0.8160983633143019,
                    3.2643936168771317
                ],
                [
                    0.0,
                    0.0,
                    0.0,
                    1.0
                ]
            ]
        },
        {
            "file_path": "./11/0001",
            "rotation": 0.012566370614359171,
            "transform_matrix": [
                [
                    -1.7284017092470443e-07,
                    0.8160984275042927,
                    -0.5779130114136818,
                    2.311651186365337
                ],
                [
                    1.0000000596046135,
                    9.615804686837029e-08,
                    -1.5309038035369873e-07,
                    3.576278430671239e-07
                ],
                [
                    -8.788410673931398e-08,
                    -0.5779130114137166,
                    -0.8160983678996485,
                    3.2643934958081537
                ],
                [
                    0.0,
                    0.0,
                    0.0,
                    1.0
                ]
            ]
        },
        {
            "file_path": "./12/0001",
            "rotation": 0.012566370614359171,
            "transform_matrix": [
                [
                    -0.34202024072406056,
                    0.766881674716852,
                    -0.5430604337460364,
                    2.1722417096353683
                ],
                [
                    0.9396925532326136,
                    0.2791221709706442,
                    -0.19765791292456927,
                    0.7906316857876126
                ],
                [
                    -1.551790835178625e-08,
                    -0.5779128617352788,
                    -0.8160984987054931,
                    3.264394003433545
                ],
                [
                    0.0,
                    0.0,
                    0.0,
                    1.0
                ]
            ]
        },
        {
            "file_path": "./13/0001",
            "rotation": 0.012566370614359171,
            "transform_matrix": [
                [
                    -0.6427876750858162,
                    0.62516771311419,
                    -0.44270694831687396,
                    1.7708278100986448
                ],
                [
                    0.7660444315664096,
                    0.5245781252683837,
                    -0.37147519512991767,
                    1.4859008361365726
                ],
                [
                    8.493850969525409e-08,
                    -0.5779128436388503,
                    -0.8160984941241598,
                    3.264393942050352
                ],
                [
                    0.0,
                    0.0,
                    0.0,
                    1.0
                ]
            ]
        },
        {
            "file_path": "./14/0001",
            "rotation": 0.012566370614359171,
            "transform_matrix": [
                [
                    -0.8660253328612472,
                    0.4080492167810739,
                    -0.2889564433988367,
                    1.1558256096077324
                ],
                [
                    0.49999998692199343,
                    0.7067618244970243,
                    -0.5004873519158185,
                    2.0019492589883545
                ],
                [
                    -8.540759476456627e-08,
                    -0.5779129600884705,
                    -0.8160983620366646,
                    3.264393305243086
                ],
                [
                    0.0,
                    0.0,
                    0.0,
                    1.0
                ]
            ]
        },
        {
            "file_path": "./15/0001",
            "rotation": 0.012566370614359171,
            "transform_matrix": [
                [
                    -0.9848077349458411,
                    0.14171416343119525,
                    -0.10035351429221107,
                    0.4014139331769291
                ],
                [
                    0.1736482920970914,
                    0.8037000766188594,
                    -0.5691330876142762,
                    2.2765321438745563
                ],
                [
                    -8.43846509826303e-08,
                    -0.5779128525079186,
                    -0.8160985052397571,
                    3.2643941802731136
                ],
                [
                    0.0,
                    0.0,
                    0.0,
                    1.0
                ]
            ]
        },
        {
            "file_path": "./16/0001",
            "rotation": 0.012566370614359171,
            "transform_matrix": [
                [
                    -0.9848077349458411,
                    -0.14171416343119525,
                    0.10035351429221107,
                    -0.4014139331769291
                ],
                [
                    -0.1736482920970914,
                    0.8037000766188594,
                    -0.5691330876142762,
                    2.2765321438745563
                ],
                [
                    8.43846509826303e-08,
                    -0.5779128525079186,
                    -0.8160985052397571,
                    3.2643941802731136
                ],
                [
                    0.0,
                    0.0,
                    0.0,
                    1.0
                ]
            ]
        },
        {
            "file_path": "./17/0001",
            "rotation": 0.012566370614359171,
            "transform_matrix": [
                [
                    -0.8660253328612472,
                    -0.4080492167810739,
                    0.2889564433988367,
                    -1.1558256096077324
                ],
                [
                    -0.49999998692199343,
                    0.7067618244970243,
                    -0.5004873519158185,
                    2.0019492589883545
                ],
                [
                    8.540759476456627e-08,
                    -0.5779129600884705,
                    -0.8160983620366646,
                    3.264393305243086
                ],
                [
                    0.0,
                    0.0,
                    0.0,
                    1.0
                ]
            ]
        },
        {
            "file_path": "./18/0001",
            "rotation": 0.012566370614359171,
            "transform_matrix": [
                [
                    -0.6427876750858162,
                    -0.62516771311419,
                    0.44270694831687396,
                    -1.7708278100986448
                ],
                [
                    -0.7660444315664096,
                    0.5245781252683837,
                    -0.37147519512991767,
                    1.4859008361365726
                ],
                [
                    -8.493850969525409e-08,
                    -0.5779128436388503,
                    -0.8160984941241598,
                    3.264393942050352
                ],
                [
                    0.0,
                    0.0,
                    0.0,
                    1.0
                ]
            ]
        },
        {
            "file_path": "./19/0001",
            "rotation": 0.012566370614359171,
            "transform_matrix": [
                [
                    -0.34202016641336397,
                    -0.8360382772074546,
                    0.4290245284539276,
                    -1.7160983920731967
                ],
                [
                    -0.9396925206748619,
                    0.30429308995662113,
                    -0.15615225074402567,
                    0.6246086260923382
                ],
                [
                    4.7906996527044426e-08,
                    -0.4565584061965376,
                    -0.8896934307360743,
                    3.5587736549118145
                ],
                [
                    0.0,
                    0.0,
                    0.0,
                    1.0
                ]
            ]
        },
        {
            "file_path": "./20/0001",
            "rotation": 0.012566370614359171,
            "transform_matrix": [
                [
                    1.0203715794869793e-07,
                    -0.7154520791305958,
                    0.6986616322121044,
                    -2.7946466994254595
                ],
                [
                    -0.9999998807907102,
                    -6.652401431755356e-09,
                    8.128978997379627e-08,
                    -4.76837152219358e-07
                ],
                [
                    -1.529122367001967e-07,
                    -0.6986616322121136,
                    -0.7154521983398546,
                    2.8618086267854914
                ],
                [
                    0.0,
                    0.0,
                    0.0,
                    1.0
                ]
            ]
        },
        {
            "file_path": "./21/0001",
            "rotation": 0.012566370614359171,
            "transform_matrix": [
                [
                    0.34202002239121265,
                    -0.6723051491190409,
                    0.6565272872539738,
                    -2.626108836843349
                ],
                [
                    -0.9396926490247143,
                    -0.24469888516869287,
                    0.2389563881162038,
                    -0.9558257867344273
                ],
                [
                    -1.251521784457758e-07,
                    -0.6986617411899939,
                    -0.7154521515241329,
                    2.861808814313915
                ],
                [
                    0.0,
                    0.0,
                    0.0,
                    1.0
                ]
            ]
        },
        {
            "file_path": "./22/0001",
            "rotation": 0.012566370614359171,
            "transform_matrix": [
                [
                    0.6427876079993933,
                    -0.548068193470114,
                    0.5352058764583304,
                    -2.140823700816731
                ],
                [
                    -0.7660444282539669,
                    -0.45988379952243913,
                    0.44909111647077793,
                    -1.7963643060814756
                ],
                [
                    -4.868959273609947e-08,
                    -0.6986616481760883,
                    -0.7154522409563525,
                    2.8618085850309183
                ],
                [
                    0.0,
                    0.0,
                    0.0,
                    1.0
                ]
            ]
        },
        {
            "file_path": "./23/0001",
            "rotation": 0.012566370614359171,
            "transform_matrix": [
                [
                    0.8660254269810203,
                    -0.35772605441208294,
                    0.3493308734856499,
                    -1.3973236642887956
                ],
                [
                    -0.49999998674469004,
                    -0.6195997062175128,
                    0.6050587943822291,
                    -2.4202355377275593
                ],
                [
                    1.9990337887409414e-09,
                    -0.6986617489105816,
                    -0.7154521439847535,
                    2.861808854627953
                ],
                [
                    0.0,
                    0.0,
                    0.0,
                    1.0
                ]
            ]
        },
        {
            "file_path": "./24/0001",
            "rotation": 0.012566370614359171,
            "transform_matrix": [
                [
                    0.9848077845548294,
                    -0.12423697734375273,
                    0.12132128415203698,
                    -0.48528518839618456
                ],
                [
                    -0.17364815976227538,
                    -0.7045829202246792,
                    0.6880473848183788,
                    -2.752189973978
                ],
                [
                    -2.0780568764573754e-08,
                    -0.6986616374564592,
                    -0.7154522500255782,
                    2.8618092397505506
                ],
                [
                    0.0,
                    0.0,
                    0.0,
                    1.0
                ]
            ]
        },
        {
            "file_path": "./25/0001",
            "rotation": 0.012566370614359171,
            "transform_matrix": [
                [
                    0.9848077845548294,
                    0.12423697734375273,
                    -0.12132128415203698,
                    0.48528518839618456
                ],
                [
                    0.17364815976227538,
                    -0.7045829202246792,
                    0.6880473848183788,
                    -2.752189973978
                ],
                [
                    2.0780568764573754e-08,
                    -0.6986616374564592,
                    -0.7154522500255782,
                    2.8618092397505506
                ],
                [
                    0.0,
                    0.0,
                    0.0,
                    1.0
                ]
            ]
        },
        {
            "file_path": "./26/0001",
            "rotation": 0.012566370614359171,
            "transform_matrix": [
                [
                    0.8660254269810203,
                    0.35772605441208294,
                    -0.3493308734856499,
                    1.3973236642887956
                ],
                [
                    0.49999998674469004,
                    -0.6195997062175128,
                    0.6050587943822291,
                    -2.4202355377275593
                ],
                [
                    -1.9990337887409414e-09,
                    -0.6986617489105816,
                    -0.7154521439847535,
                    2.861808854627953
                ],
                [
                    0.0,
                    0.0,
                    0.0,
                    1.0
                ]
            ]
        },
        {
            "file_path": "./27/0001",
            "rotation": 0.012566370614359171,
            "transform_matrix": [
                [
                    0.6427876079993933,
                    0.548068193470114,
                    -0.5352058764583304,
                    2.140823700816731
                ],
                [
                    0.7660444282539669,
                    -0.45988379952243913,
                    0.44909111647077793,
                    -1.7963643060814756
                ],
                [
                    4.868959273609947e-08,
                    -0.6986616481760883,
                    -0.7154522409563525,
                    2.8618085850309183
                ],
                [
                    0.0,
                    0.0,
                    0.0,
                    1.0
                ]
            ]
        },
        {
            "file_path": "./28/0001",
            "rotation": 0.012566370614359171,
            "transform_matrix": [
                [
                    0.34202002239121265,
                    0.6723051491190409,
                    -0.6565272872539738,
                    2.626108836843349
                ],
                [
                    0.9396926490247143,
                    -0.24469888516869287,
                    0.2389563881162038,
                    -0.9558257867344273
                ],
                [
                    1.251521784457758e-07,
                    -0.6986617411899939,
                    -0.7154521515241329,
                    2.861808814313915
                ],
                [
                    0.0,
                    0.0,
                    0.0,
                    1.0
                ]
            ]
        },
        {
            "file_path": "./29/0001",
            "rotation": 0.012566370614359171,
            "transform_matrix": [
                [
                    1.0203715794869793e-07,
                    0.7154520791305958,
                    -0.6986616322121044,
                    2.7946466994254595
                ],
                [
                    0.9999998807907102,
                    -6.652401431755356e-09,
                    8.128978997379627e-08,
                    -4.76837152219358e-07
                ],
                [
                    1.529122367001967e-07,
                    -0.6986616322121136,
                    -0.7154521983398546,
                    2.8618086267854914
                ],
                [
                    0.0,
                    0.0,
                    0.0,
                    1.0
                ]
            ]
        },
        {
            "file_path": "./30/0001",
            "rotation": 0.012566370614359171,
            "transform_matrix": [
                [
                    -0.3420200610857198,
                    0.6723048420551567,
                    -0.6565271239626816,
                    2.6261097674035763
                ],
                [
                    0.9396922880510424,
                    0.24469904983098673,
                    -0.23895634797342416,
                    0.9558252569001662
                ],
                [
                    2.2490684849116123e-07,
                    -0.6986615907566927,
                    -0.7154522402212184,
                    2.861809838595221
                ],
                [
                    0.0,
                    0.0,
                    0.0,
                    1.0
                ]
            ]
        },
        {
            "file_path": "./31/0001",
            "rotation": 0.012566370614359171,
            "transform_matrix": [
                [
                    -0.642787635328208,
                    0.548067657310802,
                    -0.535205763254665,
                    2.140823785498182
                ],
                [
                    0.7660439456038313,
                    0.4598837956575354,
                    -0.4490911756509434,
                    1.796364480640382
                ],
                [
                    2.1199952515814636e-07,
                    -0.6986616321541059,
                    -0.7154521429883148,
                    2.8618088298203332
                ],
                [
                    0.0,
                    0.0,
                    0.0,
                    1.0
                ]
            ]
        },
        {
            "file_path": "./32/0001",
            "rotation": 0.012566370614359171,
            "transform_matrix": [
                [
                    -0.8660253474518923,
                    0.3577260419101306,
                    -0.34933090588047544,
                    1.397323609929648
                ],
                [
                    0.4999999616502714,
                    0.6195996368360234,
                    -0.6050588369130397,
                    2.4202353216341805
                ],
                [
                    2.0464543467878886e-08,
                    -0.6986617572372755,
                    -0.7154521372522871,
                    2.861809244132942
                ],
                [
                    0.0,
                    0.0,
                    0.0,
                    1.0
                ]
            ]
        },
        {
            "file_path": "./33/0001",
            "rotation": 0.012566370614359171,
            "transform_matrix": [
                [
                    -0.984807297026594,
                    0.12423668033735168,
                    -0.12132128459539812,
                    0.4852854288623373
                ],
                [
                    0.1736479419654523,
                    0.7045823510367007,
                    -0.6880474969563932,
                    2.7521901774635182
                ],
                [
                    1.2175799867995164e-07,
                    -0.6986616958678143,
                    -0.715452083567478,
                    2.8618087691218546
                ],
                [
                    0.0,
                    0.0,
                    0.0,
                    1.0
                ]
            ]
        },
        {
            "file_path": "./34/0001",
            "rotation": 0.012566370614359171,
            "transform_matrix": [
                [
                    -0.984807297026594,
                    -0.12423668033735168,
                    0.12132128459539812,
                    -0.4852854288623373
                ],
                [
                    -0.1736479419654523,
                    0.7045823510367007,
                    -0.6880474969563932,
                    2.7521901774635182
                ],
                [
                    -1.2175799867995164e-07,
                    -0.6986616958678143,
                    -0.715452083567478,
                    2.8618087691218546
                ],
                [
                    0.0,
                    0.0,
                    0.0,
                    1.0
                ]
            ]
        },
        {
            "file_path": "./35/0001",
            "rotation": 0.012566370614359171,
            "transform_matrix": [
                [
                    -0.8660253474518923,
                    -0.3577260419101306,
                    0.34933090588047544,
                    -1.397323609929648
                ],
                [
                    -0.4999999616502714,
                    0.6195996368360234,
                    -0.6050588369130397,
                    2.4202353216341805
                ],
                [
                    -2.0464543467878886e-08,
                    -0.6986617572372755,
                    -0.7154521372522871,
                    2.861809244132942
                ],
                [
                    0.0,
                    0.0,
                    0.0,
                    1.0
                ]
            ]
        },
        {
            "file_path": "./36/0001",
            "rotation": 0.012566370614359171,
            "transform_matrix": [
                [
                    -0.642787635328208,
                    -0.548067657310802,
                    0.535205763254665,
                    -2.140823785498182
                ],
                [
                    -0.7660439456038313,
                    0.4598837956575354,
                    -0.4490911756509434,
                    1.796364480640382
                ],
                [
                    -2.1199952515814636e-07,
                    -0.6986616321541059,
                    -0.7154521429883148,
                    2.8618088298203332
                ],
                [
                    0.0,
                    0.0,
                    0.0,
                    1.0
                ]
            ]
        },
        {
            "file_path": "./37/0001",
            "rotation": 0.012566370614359171,
            "transform_matrix": [
                [
                    -0.3420201691506123,
                    -0.7909370543664384,
                    0.5073862850246627,
                    -2.0295452609516995
                ],
                [
                    -0.9396926822765104,
                    0.2878775351951029,
                    -0.18467352792351033,
                    0.7386940730222198
                ],
                [
                    5.286744544024324e-08,
                    -0.5399492401489994,
                    -0.8416976279996374,
                    3.366790447631588
                ],
                [
                    0.0,
                    0.0,
                    0.0,
                    1.0
                ]
            ]
        },
        {
            "file_path": "./38/0001",
            "rotation": 0.012566370614359171,
            "transform_matrix": [
                [
                    9.350098456749882e-09,
                    -0.5953270531612346,
                    0.8034834509025863,
                    -3.213933065637002
                ],
                [
                    -0.999999999999998,
                    2.8566745486400446e-08,
                    2.4674319294641558e-08,
                    -3.5762786608094453e-07
                ],
                [
                    -5.061007643547965e-08,
                    -0.803483450902585,
                    -0.595327053161233,
                    2.381308407684316
                ],
                [
                    0.0,
                    0.0,
                    0.0,
                    1.0
                ]
            ]
        },
        {
            "file_path": "./39/0001",
            "rotation": 0.012566370614359171,
            "transform_matrix": [
                [
                    0.3420199060266322,
                    -0.5594244883820383,
                    0.7550274840279534,
                    -3.0201096629073882
                ],
                [
                    -0.9396926155572568,
                    -0.20361361039286688,
                    0.2748073542406947,
                    -1.0992303540445487
                ],
                [
                    -1.9601943441331162e-07,
                    -0.8034834153019096,
                    -0.5953271012096751,
                    2.381309119734685
                ],
                [
                    0.0,
                    0.0,
                    0.0,
                    1.0
                ]
            ]
        },
        {
            "file_path": "./40/0001",
            "rotation": 0.012566370614359171,
            "transform_matrix": [
                [
                    0.6427874964250203,
                    -0.4560471461855978,
                    0.6155040288676533,
                    -2.46201626826599
                ],
                [
                    -0.7660445026951427,
                    -0.38266886755031193,
                    0.5164690604586377,
                    -2.0658764901745643
                ],
                [
                    -6.510786655821375e-08,
                    -0.8034833778166347,
                    -0.5953271934832661,
                    2.38130920148121
                ],
                [
                    0.0,
                    0.0,
                    0.0,
                    1.0
                ]
            ]
        },
        {
            "file_path": "./41/0001",
            "rotation": 0.012566370614359171,
            "transform_matrix": [
                [
                    0.8660253537699386,
                    -0.29766358343888066,
                    0.4017417727614493,
                    -1.6069666378940455
                ],
                [
                    -0.5000000539453485,
                    -0.5155684242106578,
                    0.6958370332787772,
                    -2.783347481143587
                ],
                [
                    2.18654924326236e-08,
                    -0.8034834309388885,
                    -0.5953271009460337,
                    2.381308670660515
                ],
                [
                    0.0,
                    0.0,
                    0.0,
                    1.0
                ]
            ]
        },
        {
            "file_path": "./42/0001",
            "rotation": 0.012566370614359171,
            "transform_matrix": [
                [
                    0.984807770900399,
                    -0.10337749365640417,
                    0.1395234333173861,
                    -0.5580936606583596
                ],
                [
                    -0.17364819249691676,
                    -0.5862828628097936,
                    0.7912765979921956,
                    -3.1651064115280323
                ],
                [
                    4.2099846242538514e-09,
                    -0.8034833047843998,
                    -0.5953272324465766,
                    2.3813089208066818
                ],
                [
                    0.0,
                    0.0,
                    0.0,
                    1.0
                ]
            ]
        },
        {
            "file_path": "./43/0001",
            "rotation": 0.012566370614359171,
            "transform_matrix": [
                [
                    0.984807770900399,
                    0.10337749365640417,
                    -0.1395234333173861,
                    0.5580936606583596
                ],
                [
                    0.17364819249691676,
                    -0.5862828628097936,
                    0.7912765979921956,
                    -3.1651064115280323
                ],
                [
                    -4.2099846242538514e-09,
                    -0.8034833047843998,
                    -0.5953272324465766,
                    2.3813089208066818
                ],
                [
                    0.0,
                    0.0,
                    0.0,
                    1.0
                ]
            ]
        },
        {
            "file_path": "./44/0001",
            "rotation": 0.012566370614359171,
            "transform_matrix": [
                [
                    0.8660253537699386,
                    0.29766358343888066,
                    -0.4017417727614493,
                    1.6069666378940455
                ],
                [
                    0.5000000539453485,
                    -0.5155684242106578,
                    0.6958370332787772,
                    -2.783347481143587
                ],
                [
                    -2.18654924326236e-08,
                    -0.8034834309388885,
                    -0.5953271009460337,
                    2.381308670660515
                ],
                [
                    0.0,
                    0.0,
                    0.0,
                    1.0
                ]
            ]
        },
        {
            "file_path": "./45/0001",
            "rotation": 0.012566370614359171,
            "transform_matrix": [
                [
                    0.6427874964250203,
                    0.4560471461855978,
                    -0.6155040288676533,
                    2.46201626826599
                ],
                [
                    0.7660445026951427,
                    -0.38266886755031193,
                    0.5164690604586377,
                    -2.0658764901745643
                ],
                [
                    6.510786655821375e-08,
                    -0.8034833778166347,
                    -0.5953271934832661,
                    2.38130920148121
                ],
                [
